,2020-09-01,2020-09-02,2020-09-03,2020-09-04,2020-09-07,2020-09-08,2020-09-09,2020-09-10,2020-09-11,2020-09-14,2020-09-15,2020-09-16,2020-09-17,2020-09-18,2020-09-21,2020-09-22,2020-09-23,2020-09-24,2020-09-25,2020-09-28,2020-09-29,2020-09-30,2020-10-01,2020-10-02,2020-10-05,2020-10-06,2020-10-07,2020-10-08,2020-10-09,2020-10-13,2020-10-14,2020-10-15,2020-10-16,2020-10-19,2020-10-20,2020-10-21,2020-10-22,2020-10-23,2020-10-26,2020-10-27,2020-10-28,2020-10-29,2020-10-30,2020-11-02,2020-11-03,2020-11-04,2020-11-05,2020-11-06,2020-11-09,2020-11-10,2020-11-11,2020-11-12,2020-11-13,2020-11-16,2020-11-17,2020-11-18,2020-11-19,2020-11-20,2020-11-23,2020-11-24,2020-11-25,2020-11-26,2020-11-27,2020-11-28,2020-11-29,2020-11-30
2020-02-25,,0.0,0.0,0.0,0.0,0.0,0.0,0.0,0.0,0.0,0.0,0.0,0.0,0.0,0.0,0.0,0.0,0.0,0.0,0.0,0.0,0.0,0.0,0.0,0.0,0.0,0.0,0.0,0.0,0.0,0.0,0.0,0.0,0.0,0.0,0.0,0.0,0.0,0.0,0.0,0.0,0.0,0.0,0.0,0.0,0.0,0.0,0.0,0.0,0.0,0.0,0.0,0.0,0.0,0.0,0.0,0.0,0.0,0.0,0.0,0.0,0.0,0.0,0.0,0.0,0.0
2020-02-26,,0.0,0.0,0.0,0.0,0.0,0.0,0.0,0.0,0.0,0.0,0.0,0.0,0.0,0.0,0.0,0.0,0.0,0.0,0.0,0.0,0.0,0.0,0.0,0.0,0.0,0.0,0.0,0.0,0.0,0.0,0.0,0.0,0.0,0.0,0.0,0.0,0.0,0.0,0.0,0.0,0.0,0.0,0.0,0.0,0.0,0.0,0.0,0.0,0.0,0.0,0.0,0.0,0.0,0.0,0.0,0.0,0.0,0.0,0.0,0.0,5.0,0.0,0.0,0.0,0.0
2020-02-27,,0.0,0.0,0.0,0.0,0.0,0.0,0.0,0.0,0.0,0.0,0.0,0.0,0.0,0.0,0.0,0.0,0.0,0.0,0.0,0.0,0.0,0.0,0.0,0.0,0.0,0.0,0.0,0.0,0.0,0.0,0.0,0.0,0.0,0.0,0.0,0.0,0.0,0.0,0.0,0.0,0.0,0.0,0.0,0.0,0.0,0.0,0.0,0.0,0.0,0.0,0.0,0.0,0.0,0.0,0.0,0.0,0.0,0.0,0.0,0.0,5.0,0.0,0.0,0.0,0.0
2020-02-28,,0.0,0.0,0.0,0.0,0.0,0.0,0.0,0.0,0.0,0.0,0.0,0.0,0.0,0.0,0.0,0.0,0.0,0.0,0.0,0.0,0.0,0.0,0.0,0.0,0.0,1.0,-1.0,0.0,1.0,-1.0,0.0,0.0,0.0,0.0,0.0,0.0,0.0,0.0,0.0,0.0,0.0,0.0,0.0,0.0,0.0,0.0,0.0,0.0,0.0,0.0,0.0,0.0,0.0,0.0,0.0,0.0,0.0,0.0,0.0,0.0,13.0,0.0,0.0,0.0,0.0
2020-02-29,,0.0,0.0,0.0,0.0,0.0,0.0,0.0,0.0,0.0,0.0,0.0,0.0,0.0,0.0,0.0,0.0,0.0,1.0,-1.0,0.0,1.0,-1.0,0.0,1.0,-1.0,-1.0,1.0,0.0,-1.0,1.0,0.0,0.0,0.0,0.0,0.0,0.0,0.0,0.0,0.0,0.0,0.0,0.0,0.0,0.0,0.0,0.0,0.0,0.0,0.0,0.0,0.0,0.0,0.0,0.0,0.0,0.0,1.0,-1.0,0.0,0.0,11.0,0.0,0.0,0.0,0.0
2020-03-01,,0.0,0.0,0.0,0.0,0.0,0.0,0.0,0.0,0.0,0.0,0.0,0.0,0.0,0.0,0.0,0.0,0.0,-1.0,1.0,0.0,-1.0,1.0,0.0,-1.0,1.0,0.0,0.0,0.0,0.0,0.0,0.0,0.0,0.0,0.0,0.0,0.0,0.0,0.0,0.0,0.0,0.0,0.0,0.0,0.0,0.0,0.0,0.0,0.0,0.0,0.0,0.0,0.0,0.0,0.0,0.0,0.0,-1.0,1.0,0.0,0.0,26.0,0.0,0.0,0.0,0.0
2020-03-02,,0.0,0.0,0.0,0.0,0.0,0.0,0.0,0.0,0.0,0.0,0.0,0.0,0.0,0.0,0.0,0.0,0.0,0.0,0.0,0.0,0.0,0.0,0.0,0.0,1.0,-1.0,0.0,0.0,0.0,0.0,0.0,0.0,0.0,0.0,0.0,0.0,0.0,0.0,0.0,0.0,0.0,0.0,0.0,0.0,0.0,0.0,0.0,0.0,0.0,0.0,0.0,0.0,0.0,0.0,0.0,0.0,0.0,0.0,0.0,0.0,47.0,0.0,0.0,0.0,0.0
2020-03-03,,0.0,0.0,0.0,0.0,0.0,0.0,1.0,-1.0,0.0,0.0,0.0,0.0,0.0,0.0,0.0,0.0,0.0,0.0,1.0,-1.0,0.0,0.0,0.0,0.0,-1.0,1.0,0.0,0.0,0.0,0.0,0.0,0.0,0.0,0.0,0.0,0.0,1.0,-1.0,0.0,0.0,0.0,0.0,0.0,0.0,0.0,0.0,0.0,0.0,0.0,0.0,0.0,0.0,0.0,0.0,0.0,0.0,0.0,0.0,0.0,0.0,49.0,0.0,0.0,0.0,0.0
2020-03-04,,0.0,0.0,0.0,0.0,0.0,0.0,-1.0,1.0,1.0,1.0,-1.0,-1.0,0.0,0.0,0.0,0.0,0.0,0.0,0.0,0.0,0.0,0.0,1.0,-1.0,0.0,0.0,0.0,0.0,0.0,0.0,0.0,0.0,0.0,0.0,0.0,0.0,-1.0,1.0,0.0,0.0,0.0,0.0,0.0,0.0,0.0,0.0,0.0,0.0,0.0,0.0,0.0,0.0,0.0,0.0,0.0,0.0,0.0,0.0,0.0,0.0,66.0,0.0,0.0,0.0,0.0
2020-03-05,,0.0,0.0,0.0,0.0,0.0,0.0,0.0,1.0,-2.0,-1.0,1.0,1.0,0.0,0.0,0.0,0.0,0.0,0.0,-1.0,1.0,0.0,0.0,-1.0,1.0,0.0,0.0,0.0,0.0,1.0,-1.0,0.0,1.0,0.0,-1.0,0.0,0.0,0.0,0.0,1.0,-1.0,0.0,0.0,0.0,0.0,0.0,0.0,0.0,0.0,0.0,0.0,1.0,-1.0,0.0,0.0,0.0,0.0,0.0,0.0,0.0,0.0,122.0,0.0,0.0,0.0,0.0
2020-03-06,,0.0,0.0,0.0,0.0,0.0,0.0,0.0,-1.0,1.0,1.0,-1.0,0.0,0.0,0.0,0.0,0.0,0.0,1.0,-1.0,0.0,0.0,0.0,0.0,0.0,0.0,0.0,0.0,0.0,0.0,0.0,1.0,-2.0,0.0,1.0,0.0,0.0,0.0,0.0,-1.0,1.0,0.0,0.0,0.0,0.0,0.0,0.0,0.0,0.0,0.0,0.0,-1.0,1.0,0.0,0.0,0.0,0.0,0.0,0.0,0.0,0.0,209.0,0.0,0.0,1.0,0.0
2020-03-07,,0.0,0.0,0.0,0.0,0.0,0.0,0.0,1.0,0.0,-1.0,0.0,0.0,0.0,1.0,-1.0,0.0,0.0,-1.0,1.0,1.0,-1.0,0.0,0.0,1.0,-1.0,0.0,0.0,1.0,0.0,0.0,-2.0,1.0,0.0,0.0,0.0,1.0,-1.0,0.0,0.0,2.0,-2.0,0.0,0.0,0.0,0.0,0.0,0.0,0.0,0.0,0.0,0.0,0.0,0.0,0.0,0.0,0.0,0.0,0.0,1.0,-1.0,244.0,0.0,0.0,0.0,0.0
2020-03-08,,0.0,0.0,0.0,0.0,0.0,0.0,0.0,-1.0,0.0,0.0,1.0,0.0,0.0,-1.0,1.0,0.0,0.0,0.0,0.0,0.0,0.0,0.0,0.0,-1.0,1.0,1.0,-1.0,-1.0,1.0,-1.0,1.0,0.0,0.0,0.0,1.0,-1.0,0.0,0.0,0.0,-2.0,2.0,1.0,-1.0,0.0,0.0,0.0,0.0,0.0,0.0,0.0,0.0,0.0,0.0,0.0,0.0,0.0,0.0,0.0,-1.0,1.0,283.0,0.0,0.0,0.0,0.0
2020-03-09,,0.0,0.0,0.0,0.0,0.0,0.0,5.0,-3.0,0.0,-2.0,1.0,-1.0,0.0,1.0,-1.0,1.0,-1.0,0.0,1.0,-1.0,0.0,1.0,-1.0,1.0,-1.0,-1.0,2.0,-1.0,-1.0,2.0,-1.0,0.0,0.0,0.0,0.0,0.0,0.0,0.0,0.0,0.0,0.0,-1.0,2.0,-1.0,0.0,0.0,0.0,0.0,0.0,0.0,0.0,0.0,0.0,0.0,0.0,0.0,0.0,0.0,0.0,0.0,536.0,0.0,0.0,0.0,0.0
2020-03-10,,0.0,0.0,0.0,2.0,-1.0,-1.0,-5.0,4.0,0.0,3.0,-3.0,1.0,2.0,3.0,-5.0,-1.0,2.0,-1.0,2.0,-3.0,2.0,-2.0,1.0,-1.0,1.0,1.0,0.0,-1.0,0.0,-1.0,1.0,2.0,-2.0,0.0,1.0,-2.0,1.0,1.0,-1.0,0.0,1.0,0.0,-2.0,1.0,2.0,-2.0,0.0,0.0,0.0,0.0,1.0,-1.0,1.0,0.0,-1.0,0.0,0.0,0.0,0.0,0.0,751.0,0.0,0.0,0.0,0.0
2020-03-11,,0.0,0.0,0.0,0.0,-1.0,1.0,1.0,-1.0,0.0,0.0,2.0,-1.0,-2.0,-3.0,5.0,-1.0,2.0,-2.0,3.0,-2.0,-2.0,3.0,-2.0,0.0,0.0,2.0,-3.0,1.0,1.0,-1.0,2.0,-4.0,2.0,0.0,-2.0,3.0,-1.0,4.0,-3.0,-1.0,0.0,-1.0,1.0,0.0,-2.0,2.0,1.0,1.0,-1.0,1.0,3.0,-4.0,-2.0,0.0,1.0,2.0,-1.0,-1.0,0.0,0.0,820.0,0.0,0.0,0.0,0.0
2020-03-12,,1.0,0.0,-1.0,0.0,1.0,-1.0,1.0,-3.0,1.0,-1.0,0.0,3.0,-1.0,-1.0,0.0,1.0,-2.0,1.0,-3.0,2.0,4.0,-3.0,2.0,-1.0,0.0,-4.0,3.0,2.0,0.0,-2.0,-1.0,2.0,0.0,1.0,-1.0,-2.0,2.0,-4.0,4.0,0.0,0.0,-1.0,1.0,0.0,2.0,-1.0,1.0,-5.0,3.0,-3.0,6.0,-4.0,0.0,1.0,0.0,-1.0,1.0,0.0,1.0,-2.0,846.0,0.0,2.0,0.0,0.0
2020-03-13,,-1.0,1.0,0.0,1.0,-3.0,3.0,-2.0,2.0,2.0,-2.0,1.0,-4.0,2.0,2.0,0.0,0.0,-3.0,2.0,-3.0,3.0,-2.0,0.0,1.0,1.0,0.0,0.0,-1.0,-1.0,-1.0,3.0,0.0,0.0,0.0,-2.0,1.0,2.0,0.0,-3.0,1.0,3.0,-3.0,1.0,-1.0,0.0,-2.0,2.0,-3.0,6.0,-4.0,2.0,-8.0,7.0,1.0,-1.0,0.0,-1.0,2.0,-1.0,-1.0,2.0,1017.0,1.0,0.0,0.0,0.0
2020-03-14,,3.0,-4.0,1.0,-2.0,3.0,-2.0,1.0,0.0,-2.0,1.0,-1.0,2.0,1.0,-2.0,-1.0,1.0,2.0,0.0,-1.0,0.0,-1.0,1.0,-1.0,0.0,2.0,-1.0,0.0,1.0,-2.0,2.0,-2.0,2.0,-2.0,1.0,0.0,-1.0,-1.0,2.0,-1.0,-2.0,2.0,1.0,1.0,-1.0,0.0,-1.0,1.0,-1.0,1.0,0.0,-1.0,1.0,1.0,0.0,-1.0,0.0,-2.0,2.0,1.0,-1.0,947.0,0.0,0.0,0.0,0.0
2020-03-15,,-3.0,3.0,0.0,1.0,-1.0,0.0,1.0,-1.0,0.0,0.0,1.0,-1.0,-1.0,0.0,1.0,1.0,-2.0,1.0,0.0,0.0,1.0,0.0,-1.0,0.0,-2.0,2.0,0.0,0.0,2.0,-3.0,1.0,-2.0,2.0,0.0,0.0,1.0,-1.0,0.0,0.0,0.0,0.0,1.0,-2.0,1.0,0.0,1.0,-1.0,-1.0,1.0,0.0,0.0,0.0,-1.0,0.0,1.0,0.0,0.0,0.0,-1.0,1.0,846.0,0.0,0.0,0.0,0.0
2020-03-16,,0.0,0.0,0.0,0.0,0.0,1.0,-1.0,0.0,0.0,0.0,-1.0,1.0,0.0,-1.0,1.0,-2.0,2.0,-1.0,2.0,-1.0,-1.0,0.0,1.0,0.0,0.0,1.0,-1.0,-1.0,1.0,0.0,0.0,1.0,-1.0,0.0,0.0,-1.0,2.0,0.0,-1.0,0.0,0.0,-1.0,1.0,0.0,0.0,-1.0,1.0,0.0,0.0,0.0,4.0,-3.0,-1.0,0.0,0.0,0.0,1.0,0.0,-1.0,0.0,1313.0,0.0,0.0,0.0,0.0
2020-03-17,,0.0,1.0,-1.0,0.0,-1.0,1.0,-1.0,4.0,-3.0,0.0,0.0,0.0,-2.0,5.0,-3.0,1.0,0.0,0.0,0.0,0.0,-2.0,1.0,0.0,1.0,-1.0,1.0,-1.0,0.0,-1.0,2.0,-1.0,-1.0,2.0,-1.0,0.0,1.0,-1.0,0.0,1.0,-1.0,0.0,2.0,-2.0,0.0,-1.0,2.0,-1.0,2.0,-3.0,2.0,-2.0,0.0,1.0,0.0,1.0,0.0,-1.0,-1.0,0.0,2.0,2022.0,0.0,-1.0,0.0,0.0
2020-03-18,,0.0,0.0,0.0,-1.0,2.0,-2.0,0.0,-1.0,3.0,-1.0,0.0,1.0,1.0,-4.0,4.0,-2.0,-1.0,0.0,-1.0,3.0,1.0,0.0,-2.0,0.0,0.0,-2.0,2.0,0.0,0.0,0.0,1.0,-1.0,-1.0,1.0,0.0,-1.0,0.0,1.0,0.0,1.0,-1.0,-2.0,3.0,-1.0,3.0,-4.0,2.0,-3.0,3.0,-1.0,-4.0,4.0,0.0,0.0,-1.0,0.0,0.0,1.0,1.0,-2.0,1824.0,0.0,0.0,0.0,0.0
2020-03-19,,0.0,-2.0,2.0,1.0,-1.0,0.0,-1.0,0.0,1.0,0.0,0.0,-1.0,2.0,1.0,-4.0,2.0,2.0,-2.0,4.0,-6.0,2.0,-2.0,2.0,2.0,0.0,-1.0,-1.0,0.0,1.0,-2.0,0.0,1.0,4.0,-4.0,0.0,0.0,0.0,-1.0,1.0,0.0,1.0,0.0,-2.0,1.0,-1.0,2.0,-2.0,1.0,0.0,0.0,0.0,1.0,-1.0,0.0,0.0,0.0,0.0,0.0,0.0,0.0,2119.0,0.0,0.0,0.0,0.0
2020-03-20,,1.0,1.0,-2.0,-3.0,4.0,-1.0,2.0,-1.0,-1.0,1.0,-1.0,0.0,-3.0,0.0,5.0,-2.0,-1.0,1.0,-2.0,2.0,0.0,0.0,2.0,-5.0,1.0,0.0,3.0,0.0,-1.0,-1.0,4.0,-3.0,-3.0,3.0,-1.0,1.0,1.0,-1.0,-1.0,0.0,0.0,0.0,1.0,0.0,0.0,0.0,0.0,0.0,1.0,-3.0,3.0,-3.0,3.0,-1.0,0.0,1.0,-2.0,1.0,0.0,2.0,2415.0,1.0,0.0,-1.0,1.0
2020-03-21,,-2.0,2.0,0.0,1.0,-2.0,2.0,-3.0,1.0,1.0,0.0,-1.0,1.0,1.0,1.0,-5.0,3.0,-1.0,2.0,-3.0,2.0,0.0,-1.0,-1.0,3.0,-1.0,1.0,-2.0,1.0,-1.0,2.0,-3.0,2.0,1.0,-1.0,1.0,-1.0,-1.0,2.0,-1.0,1.0,-1.0,0.0,0.0,0.0,0.0,-1.0,2.0,0.0,-2.0,2.0,0.0,-1.0,-1.0,1.0,0.0,0.0,2.0,-2.0,1.0,-4.0,1730.0,0.0,1.0,0.0,-1.0
2020-03-22,,1.0,0.0,-1.0,0.0,1.0,-2.0,2.0,-1.0,-1.0,0.0,2.0,0.0,-1.0,0.0,1.0,-1.0,1.0,-1.0,1.0,-1.0,-1.0,2.0,0.0,-3.0,3.0,-1.0,0.0,-1.0,0.0,2.0,-2.0,1.0,-2.0,2.0,1.0,-1.0,0.0,-1.0,1.0,1.0,-1.0,0.0,0.0,0.0,-1.0,1.0,-1.0,1.0,0.0,0.0,-2.0,3.0,-1.0,0.0,0.0,-1.0,0.0,1.0,-1.0,2.0,1545.0,0.0,0.0,0.0,0.0
2020-03-23,,0.0,-1.0,1.0,1.0,-1.0,1.0,-1.0,0.0,0.0,0.0,0.0,-1.0,2.0,-2.0,2.0,-2.0,0.0,2.0,0.0,-1.0,1.0,1.0,-3.0,4.0,-2.0,0.0,-1.0,0.0,0.0,0.0,1.0,-1.0,0.0,0.0,-1.0,1.0,0.0,1.0,-1.0,-1.0,1.0,1.0,1.0,-2.0,1.0,-1.0,2.0,0.0,-2.0,0.0,0.0,0.0,0.0,0.0,0.0,0.0,0.0,0.0,0.0,0.0,2805.0,1.0,0.0,0.0,0.0
2020-03-24,,0.0,-1.0,1.0,1.0,-1.0,-1.0,1.0,0.0,-1.0,2.0,0.0,0.0,-1.0,3.0,-4.0,2.0,-1.0,-2.0,2.0,0.0,0.0,0.0,0.0,-1.0,-1.0,1.0,2.0,0.0,-1.0,0.0,-1.0,3.0,-2.0,1.0,0.0,-1.0,1.0,-1.0,0.0,0.0,1.0,-2.0,0.0,1.0,1.0,-1.0,-2.0,0.0,2.0,0.0,2.0,-2.0,-1.0,2.0,-1.0,0.0,0.0,0.0,0.0,0.0,3004.0,0.0,1.0,0.0,0.0
2020-03-25,,1.0,-2.0,1.0,-3.0,2.0,3.0,0.0,-3.0,5.0,-4.0,-1.0,1.0,1.0,0.0,-1.0,0.0,2.0,-2.0,-1.0,1.0,2.0,-4.0,2.0,0.0,0.0,0.0,-1.0,0.0,4.0,-4.0,1.0,-1.0,2.0,-1.0,-1.0,2.0,-2.0,0.0,2.0,-1.0,0.0,1.0,-1.0,0.0,-2.0,2.0,0.0,-1.0,2.0,-1.0,-2.0,3.0,0.0,-1.0,0.0,0.0,1.0,-1.0,1.0,-1.0,3088.0,0.0,0.0,0.0,0.0
2020-03-26,,0.0,2.0,-2.0,2.0,0.0,-3.0,-1.0,3.0,-4.0,2.0,2.0,1.0,-3.0,1.0,1.0,0.0,-3.0,3.0,0.0,0.0,-3.0,3.0,-1.0,1.0,1.0,-1.0,0.0,0.0,-4.0,4.0,-1.0,-1.0,0.0,1.0,0.0,-1.0,2.0,0.0,0.0,-2.0,0.0,2.0,-1.0,0.0,2.0,-2.0,0.0,0.0,-1.0,1.0,0.0,0.0,0.0,-1.0,2.0,-1.0,-1.0,1.0,-1.0,1.0,3506.0,0.0,0.0,0.0,0.0
2020-03-27,,-1.0,1.0,0.0,2.0,-3.0,1.0,0.0,1.0,0.0,-1.0,0.0,-3.0,2.0,-1.0,2.0,-1.0,1.0,-1.0,1.0,-1.0,1.0,-1.0,1.0,0.0,-2.0,2.0,0.0,-1.0,3.0,-3.0,2.0,0.0,1.0,-3.0,1.0,0.0,-1.0,0.0,0.0,1.0,0.0,-1.0,2.0,0.0,-3.0,2.0,0.0,0.0,0.0,0.0,1.0,-2.0,1.0,0.0,-1.0,4.0,-3.0,0.0,0.0,0.0,2492.0,1.0,1.0,0.0,0.0
2020-03-28,,0.0,-1.0,1.0,-3.0,2.0,0.0,1.0,0.0,3.0,-3.0,-1.0,2.0,-1.0,1.0,-2.0,0.0,1.0,1.0,-2.0,1.0,0.0,1.0,0.0,-3.0,2.0,-1.0,0.0,1.0,-2.0,2.0,-1.0,1.0,-1.0,1.0,1.0,-1.0,1.0,0.0,-2.0,1.0,1.0,-1.0,-2.0,1.0,2.0,-1.0,0.0,0.0,0.0,0.0,-1.0,1.0,1.0,-1.0,0.0,-3.0,3.0,0.0,0.0,1.0,1079.0,0.0,0.0,0.0,0.0
2020-03-29,,0.0,0.0,0.0,0.0,0.0,0.0,0.0,-1.0,-4.0,6.0,0.0,-2.0,1.0,-1.0,1.0,0.0,0.0,-1.0,0.0,1.0,-1.0,2.0,-2.0,1.0,0.0,0.0,0.0,0.0,0.0,0.0,0.0,-1.0,0.0,1.0,-1.0,1.0,-1.0,0.0,1.0,0.0,0.0,-1.0,1.0,0.0,-1.0,1.0,0.0,0.0,0.0,0.0,0.0,0.0,-1.0,1.0,0.0,0.0,0.0,0.0,0.0,-1.0,903.0,0.0,0.0,0.0,0.0
2020-03-30,,-1.0,0.0,1.0,1.0,1.0,-3.0,1.0,1.0,1.0,-3.0,0.0,3.0,-1.0,-5.0,6.0,-2.0,1.0,0.0,7.0,-4.0,-3.0,-3.0,3.0,2.0,-4.0,2.0,0.0,-1.0,2.0,0.0,-2.0,1.0,0.0,-1.0,0.0,1.0,-1.0,2.0,-1.0,-1.0,-1.0,1.0,0.0,0.0,0.0,5.0,-5.0,1.0,0.0,-1.0,-1.0,3.0,-2.0,-1.0,1.0,1.0,0.0,-2.0,2.0,-1.0,2660.0,0.0,2.0,-1.0,1.0
2020-03-31,,1.0,0.0,-1.0,4.0,-7.0,4.0,0.0,-1.0,-1.0,3.0,-2.0,-1.0,3.0,3.0,-8.0,5.0,-2.0,-1.0,-5.0,4.0,0.0,3.0,0.0,-1.0,4.0,-3.0,-3.0,3.0,-2.0,0.0,2.0,-1.0,-2.0,2.0,1.0,0.0,-1.0,0.0,-1.0,1.0,0.0,0.0,0.0,0.0,3.0,-8.0,5.0,0.0,-2.0,3.0,-1.0,-1.0,0.0,3.0,-2.0,1.0,-1.0,2.0,-3.0,0.0,1933.0,1.0,0.0,1.0,-1.0
2020-04-01,,1.0,-1.0,0.0,0.0,1.0,-1.0,0.0,-1.0,6.0,-7.0,2.0,-1.0,0.0,-3.0,7.0,-5.0,2.0,0.0,-2.0,0.0,3.0,-1.0,0.0,-3.0,1.0,1.0,3.0,-3.0,2.0,0.0,-2.0,1.0,3.0,-2.0,-1.0,-2.0,2.0,-2.0,2.0,1.0,0.0,0.0,0.0,-1.0,-3.0,4.0,-1.0,-1.0,2.0,-2.0,4.0,-2.0,2.0,-4.0,1.0,-2.0,1.0,1.0,1.0,0.0,1906.0,2.0,0.0,0.0,1.0
2020-04-02,,0.0,2.0,-2.0,-1.0,3.0,0.0,-2.0,0.0,-5.0,6.0,0.0,1.0,-3.0,5.0,-5.0,4.0,-5.0,3.0,5.0,-6.0,1.0,-3.0,2.0,2.0,0.0,-3.0,1.0,0.0,-3.0,3.0,3.0,-3.0,-1.0,0.0,-1.0,3.0,-1.0,2.0,0.0,-3.0,0.0,1.0,0.0,0.0,1.0,-2.0,1.0,0.0,0.0,0.0,-2.0,2.0,0.0,-1.0,1.0,0.0,0.0,-1.0,1.0,0.0,1942.0,1.0,-1.0,1.0,0.0
2020-04-03,,2.0,-5.0,3.0,4.0,-6.0,1.0,0.0,0.0,3.0,-2.0,0.0,-2.0,2.0,0.0,-2.0,0.0,3.0,-1.0,0.0,1.0,0.0,2.0,-4.0,-1.0,1.0,0.0,1.0,1.0,2.0,-4.0,-1.0,4.0,-1.0,1.0,-1.0,-1.0,2.0,-5.0,2.0,2.0,-2.0,1.0,0.0,1.0,0.0,-1.0,3.0,-1.0,-3.0,3.0,-1.0,-3.0,2.0,1.0,0.0,-1.0,0.0,2.0,-2.0,1.0,1887.0,1.0,0.0,0.0,-1.0
2020-04-04,,-3.0,4.0,-1.0,-6.0,7.0,-2.0,1.0,2.0,-1.0,0.0,-2.0,1.0,-1.0,-1.0,3.0,-2.0,2.0,-2.0,-2.0,2.0,-1.0,0.0,1.0,2.0,-1.0,1.0,-2.0,0.0,-1.0,1.0,1.0,-3.0,1.0,0.0,3.0,-2.0,0.0,2.0,-2.0,0.0,2.0,-2.0,0.0,0.0,-1.0,2.0,-2.0,0.0,3.0,-3.0,3.0,-1.0,-2.0,3.0,-2.0,2.0,-1.0,-2.0,1.0,0.0,949.0,0.0,0.0,0.0,0.0
2020-04-05,,-1.0,3.0,-2.0,1.0,3.0,-5.0,2.0,1.0,-7.0,4.0,2.0,0.0,0.0,0.0,0.0,0.0,-2.0,0.0,-1.0,4.0,-3.0,2.0,-1.0,0.0,-3.0,6.0,-2.0,-1.0,2.0,-2.0,-1.0,1.0,1.0,-1.0,0.0,0.0,-2.0,3.0,0.0,-1.0,1.0,0.0,0.0,-2.0,1.0,1.0,-3.0,2.0,1.0,-2.0,1.0,1.0,-2.0,1.0,-1.0,1.0,0.0,-1.0,2.0,-2.0,580.0,-1.0,0.0,0.0,1.0
2020-04-06,,0.0,-2.0,2.0,4.0,-7.0,4.0,0.0,0.0,3.0,-5.0,0.0,0.0,0.0,2.0,-2.0,0.0,3.0,2.0,2.0,-8.0,7.0,-3.0,-1.0,-1.0,1.0,-3.0,1.0,1.0,0.0,0.0,0.0,1.0,0.0,0.0,-2.0,2.0,1.0,-2.0,0.0,0.0,-1.0,1.0,0.0,1.0,-1.0,1.0,1.0,0.0,-3.0,2.0,-1.0,0.0,4.0,-5.0,2.0,-1.0,0.0,2.0,-1.0,1.0,1734.0,0.0,0.0,0.0,1.0
2020-04-07,,1.0,0.0,-1.0,0.0,-1.0,2.0,-3.0,-2.0,5.0,1.0,-2.0,1.0,-1.0,-1.0,2.0,0.0,-2.0,-2.0,5.0,0.0,-5.0,1.0,2.0,-1.0,5.0,-3.0,2.0,-2.0,0.0,-1.0,1.0,-1.0,-2.0,1.0,4.0,-2.0,0.0,-1.0,-1.0,3.0,3.0,-5.0,3.0,-2.0,0.0,-2.0,0.0,-1.0,2.0,0.0,-1.0,1.0,-2.0,3.0,-1.0,1.0,0.0,0.0,-3.0,1.0,1581.0,0.0,0.0,1.0,0.0
2020-04-08,,-1.0,1.0,0.0,-5.0,5.0,-2.0,5.0,-4.0,0.0,0.0,1.0,3.0,0.0,10.0,-12.0,1.0,0.0,0.0,-9.0,6.0,1.0,-1.0,1.0,2.0,-4.0,4.0,-5.0,3.0,-2.0,2.0,-1.0,1.0,1.0,-1.0,-3.0,3.0,-1.0,3.0,-2.0,-1.0,-3.0,3.0,-2.0,2.0,1.0,0.0,0.0,0.0,0.0,1.0,2.0,-2.0,-1.0,-1.0,1.0,-1.0,1.0,0.0,1.0,-1.0,1590.0,2.0,0.0,0.0,0.0
2020-04-09,,4.0,-3.0,-1.0,1.0,0.0,1.0,-3.0,2.0,2.0,-3.0,2.0,-5.0,4.0,-7.0,7.0,-3.0,1.0,-1.0,12.0,-11.0,0.0,2.0,-2.0,1.0,0.0,-3.0,5.0,-2.0,1.0,-1.0,1.0,-2.0,2.0,-1.0,0.0,0.0,2.0,-4.0,5.0,-4.0,2.0,-1.0,0.0,1.0,-1.0,0.0,0.0,0.0,0.0,-1.0,0.0,-1.0,1.0,1.0,2.0,-3.0,0.0,0.0,0.0,1.0,1092.0,1.0,0.0,0.0,0.0
2020-04-10,,1.0,-3.0,2.0,2.0,-5.0,3.0,2.0,-4.0,3.0,-1.0,-1.0,2.0,-4.0,6.0,-5.0,2.0,2.0,-1.0,-9.0,8.0,-1.0,2.0,-2.0,0.0,0.0,0.0,0.0,1.0,1.0,-1.0,1.0,1.0,-5.0,4.0,1.0,-3.0,-2.0,2.0,-2.0,6.0,-3.0,1.0,-1.0,-1.0,2.0,-3.0,3.0,0.0,-1.0,0.0,-1.0,1.0,3.0,-2.0,-3.0,4.0,-2.0,1.0,-2.0,2.0,1000.0,0.0,0.0,1.0,-1.0
2020-04-11,,-3.0,3.0,0.0,-4.0,6.0,-2.0,-4.0,6.0,-7.0,5.0,-1.0,-1.0,2.0,-8.0,7.0,0.0,-1.0,1.0,-1.0,2.0,3.0,-5.0,3.0,1.0,-3.0,2.0,-2.0,1.0,0.0,0.0,0.0,0.0,1.0,-2.0,-1.0,2.0,0.0,2.0,-2.0,-3.0,2.0,1.0,0.0,0.0,-2.0,3.0,-2.0,1.0,0.0,0.0,2.0,-2.0,-3.0,2.0,1.0,-2.0,2.0,0.0,1.0,-2.0,622.0,0.0,1.0,0.0,0.0
2020-04-12,,-1.0,2.0,-1.0,1.0,-1.0,-1.0,1.0,0.0,1.0,-1.0,2.0,-1.0,0.0,4.0,-5.0,0.0,-2.0,2.0,0.0,0.0,-2.0,3.0,0.0,-1.0,2.0,-3.0,1.0,0.0,-2.0,3.0,-3.0,0.0,2.0,0.0,1.0,-2.0,1.0,-2.0,2.0,0.0,-1.0,1.0,-1.0,1.0,0.0,0.0,0.0,-1.0,1.0,0.0,-1.0,1.0,1.0,-1.0,0.0,0.0,0.0,-1.0,1.0,0.0,408.0,0.0,0.0,0.0,0.0
2020-04-13,,-1.0,3.0,-2.0,4.0,-4.0,1.0,-2.0,3.0,1.0,-1.0,-4.0,7.0,-7.0,2.0,2.0,-2.0,2.0,1.0,6.0,-9.0,1.0,3.0,-3.0,-2.0,0.0,1.0,2.0,-1.0,-2.0,1.0,5.0,-5.0,1.0,-1.0,0.0,1.0,0.0,0.0,-1.0,2.0,-1.0,-1.0,0.0,1.0,1.0,-2.0,0.0,1.0,-1.0,1.0,-3.0,3.0,-1.0,0.0,1.0,1.0,-2.0,0.0,0.0,0.0,1208.0,0.0,0.0,0.0,0.0
2020-04-14,,4.0,-9.0,5.0,0.0,3.0,-1.0,0.0,-2.0,-4.0,3.0,1.0,-3.0,6.0,-2.0,-2.0,1.0,1.0,-1.0,-1.0,3.0,-2.0,-4.0,4.0,0.0,0.0,0.0,0.0,-2.0,10.0,-5.0,-8.0,8.0,2.0,-4.0,-1.0,0.0,1.0,-1.0,1.0,-1.0,-1.0,2.0,1.0,-3.0,2.0,-1.0,3.0,-2.0,0.0,-2.0,1.0,-1.0,3.0,-1.0,-2.0,0.0,2.0,-1.0,0.0,0.0,1342.0,1.0,1.0,0.0,0.0
2020-04-15,,-3.0,7.0,-4.0,-1.0,-1.0,0.0,6.0,-4.0,7.0,-6.0,4.0,-3.0,-4.0,0.0,2.0,1.0,1.0,-1.0,-3.0,1.0,0.0,1.0,2.0,1.0,-4.0,2.0,-2.0,5.0,-11.0,4.0,2.0,0.0,-3.0,4.0,1.0,2.0,-1.0,0.0,-1.0,-1.0,1.0,-1.0,2.0,-3.0,2.0,-2.0,-2.0,3.0,-1.0,4.0,4.0,-4.0,-6.0,2.0,1.0,1.0,-1.0,-2.0,2.0,1.0,1133.0,1.0,0.0,2.0,0.0
2020-04-16,,1.0,0.0,-1.0,-4.0,3.0,1.0,-3.0,2.0,-1.0,2.0,-3.0,0.0,3.0,8.0,-6.0,-1.0,-4.0,3.0,0.0,1.0,0.0,0.0,-4.0,-1.0,8.0,-4.0,-1.0,-2.0,6.0,-4.0,3.0,-4.0,2.0,-1.0,-1.0,-2.0,3.0,1.0,-1.0,3.0,-2.0,0.0,-2.0,4.0,-6.0,7.0,-2.0,-2.0,1.0,-3.0,0.0,2.0,1.0,1.0,-1.0,0.0,0.0,2.0,-1.0,-1.0,1044.0,0.0,0.0,0.0,0.0
2020-04-17,,-1.0,0.0,1.0,5.0,-4.0,-2.0,2.0,1.0,-3.0,-1.0,1.0,0.0,6.0,-7.0,-1.0,2.0,-1.0,0.0,5.0,-4.0,3.0,-4.0,2.0,5.0,-8.0,2.0,3.0,-2.0,-2.0,5.0,-4.0,2.0,-2.0,2.0,0.0,1.0,-4.0,0.0,4.0,-3.0,2.0,-2.0,0.0,0.0,2.0,-1.0,-1.0,5.0,-3.0,0.0,4.0,-7.0,5.0,-3.0,1.0,-3.0,3.0,-1.0,-1.0,1.0,1056.0,1.0,0.0,2.0,1.0
2020-04-18,,0.0,2.0,-2.0,-3.0,2.0,1.0,-2.0,0.0,0.0,1.0,1.0,1.0,-6.0,-5.0,11.0,1.0,0.0,-3.0,-5.0,7.0,-3.0,2.0,-1.0,-3.0,3.0,1.0,-1.0,0.0,4.0,-6.0,3.0,-1.0,0.0,0.0,1.0,0.0,-1.0,0.0,0.0,-2.0,2.0,0.0,1.0,1.0,-2.0,-1.0,5.0,-7.0,4.0,0.0,-7.0,7.0,-3.0,2.0,1.0,0.0,-2.0,2.0,1.0,-2.0,602.0,0.0,0.0,0.0,1.0
2020-04-19,,2.0,-6.0,4.0,0.0,0.0,0.0,-1.0,2.0,-4.0,3.0,-1.0,0.0,1.0,-2.0,2.0,-3.0,2.0,0.0,-2.0,1.0,1.0,2.0,-1.0,-2.0,2.0,1.0,-1.0,2.0,-5.0,3.0,0.0,1.0,-1.0,1.0,-2.0,0.0,1.0,0.0,-1.0,2.0,-2.0,2.0,-2.0,0.0,1.0,0.0,-2.0,3.0,-1.0,0.0,-2.0,2.0,0.0,0.0,-1.0,1.0,0.0,-1.0,0.0,1.0,265.0,1.0,0.0,0.0,0.0
2020-04-20,,2.0,-1.0,-1.0,1.0,-1.0,2.0,1.0,-5.0,3.0,-1.0,1.0,3.0,-2.0,2.0,-2.0,0.0,1.0,0.0,-1.0,1.0,0.0,-4.0,3.0,5.0,-4.0,-4.0,0.0,2.0,0.0,-1.0,0.0,1.0,1.0,0.0,-2.0,1.0,0.0,1.0,-2.0,0.0,1.0,-2.0,3.0,-1.0,1.0,1.0,-5.0,3.0,-3.0,2.0,3.0,-2.0,3.0,-4.0,0.0,3.0,-2.0,-1.0,0.0,1.0,861.0,-1.0,2.0,0.0,1.0
2020-04-21,,-1.0,1.0,0.0,6.0,-6.0,1.0,-1.0,5.0,-1.0,-2.0,-1.0,-2.0,2.0,1.0,-3.0,2.0,-3.0,0.0,3.0,-4.0,1.0,4.0,-2.0,-2.0,2.0,0.0,3.0,-3.0,5.0,-3.0,1.0,-2.0,-2.0,1.0,4.0,-3.0,-1.0,3.0,0.0,-3.0,2.0,1.0,-2.0,-1.0,3.0,-3.0,1.0,-3.0,4.0,-1.0,0.0,-1.0,-1.0,1.0,0.0,-2.0,2.0,4.0,-3.0,-1.0,908.0,2.0,2.0,2.0,0.0
2020-04-22,,-2.0,1.0,1.0,-3.0,3.0,-2.0,2.0,-1.0,0.0,0.0,0.0,1.0,2.0,1.0,-3.0,-3.0,6.0,-2.0,3.0,-3.0,2.0,-3.0,-1.0,-3.0,4.0,1.0,-2.0,1.0,-5.0,4.0,-1.0,2.0,-1.0,2.0,-3.0,0.0,2.0,-2.0,1.0,4.0,-4.0,-1.0,3.0,-1.0,-2.0,4.0,-2.0,4.0,-1.0,-1.0,-3.0,2.0,-4.0,5.0,1.0,-2.0,0.0,-4.0,4.0,-2.0,982.0,3.0,0.0,0.0,0.0
2020-04-23,,-1.0,3.0,-2.0,2.0,-2.0,0.0,-1.0,-3.0,7.0,-2.0,0.0,-3.0,-2.0,6.0,0.0,1.0,-7.0,2.0,6.0,-3.0,-4.0,4.0,0.0,0.0,-2.0,3.0,-1.0,-3.0,6.0,-3.0,1.0,-5.0,11.0,-12.0,5.0,0.0,-1.0,-1.0,1.0,1.0,-1.0,1.0,-2.0,0.0,1.0,-3.0,6.0,-7.0,1.0,-1.0,7.0,-5.0,5.0,-5.0,0.0,0.0,2.0,1.0,-1.0,3.0,716.0,0.0,1.0,2.0,1.0
2020-04-24,,2.0,-2.0,0.0,-1.0,5.0,-2.0,1.0,-4.0,5.0,-3.0,0.0,2.0,-4.0,1.0,-2.0,3.0,3.0,-2.0,5.0,-6.0,1.0,-2.0,-1.0,4.0,1.0,-3.0,1.0,-1.0,2.0,-1.0,9.0,-9.0,-3.0,5.0,-3.0,11.0,-10.0,12.0,-17.0,0.0,2.0,2.0,1.0,1.0,-1.0,-1.0,0.0,4.0,-6.0,1.0,-1.0,1.0,-1.0,3.0,-1.0,0.0,-1.0,0.0,-2.0,0.0,937.0,0.0,1.0,1.0,0.0
2020-04-25,,-1.0,-1.0,2.0,-3.0,-1.0,7.0,-7.0,6.0,-10.0,5.0,2.0,-1.0,4.0,-11.0,9.0,-3.0,0.0,2.0,-1.0,0.0,0.0,0.0,2.0,-2.0,-3.0,1.0,0.0,3.0,-3.0,3.0,-12.0,12.0,-3.0,0.0,3.0,-10.0,9.0,-10.0,13.0,-1.0,0.0,2.0,-4.0,-1.0,-1.0,2.0,-2.0,-1.0,6.0,1.0,-8.0,6.0,0.0,-2.0,1.0,0.0,-1.0,0.0,2.0,-1.0,396.0,0.0,0.0,0.0,0.0
2020-04-26,,1.0,-1.0,0.0,-2.0,2.0,-6.0,6.0,-1.0,-1.0,3.0,-2.0,-2.0,0.0,0.0,2.0,2.0,-3.0,1.0,-12.0,12.0,0.0,0.0,2.0,-2.0,1.0,3.0,-4.0,1.0,4.0,0.0,-3.0,1.0,-5.0,3.0,0.0,-3.0,3.0,-3.0,3.0,-1.0,2.0,-6.0,2.0,5.0,-3.0,2.0,-1.0,0.0,-1.0,1.0,1.0,-1.0,-1.0,1.0,0.0,0.0,0.0,2.0,-2.0,0.0,220.0,0.0,0.0,0.0,0.0
2020-04-27,,2.0,-2.0,0.0,6.0,-7.0,4.0,-3.0,1.0,5.0,-4.0,-1.0,4.0,4.0,5.0,-14.0,0.0,2.0,-2.0,13.0,-9.0,0.0,2.0,-3.0,1.0,-3.0,0.0,1.0,-1.0,-1.0,-2.0,1.0,2.0,7.0,-1.0,5.0,-7.0,-4.0,1.0,2.0,-4.0,2.0,1.0,0.0,-4.0,7.0,-7.0,3.0,1.0,-2.0,-1.0,-1.0,3.0,1.0,-1.0,1.0,-3.0,0.0,-1.0,2.0,0.0,963.0,0.0,1.0,0.0,1.0
2020-04-28,,-2.0,7.0,-5.0,3.0,-1.0,-5.0,4.0,3.0,-1.0,-4.0,2.0,-2.0,-6.0,8.0,0.0,3.0,0.0,-1.0,-2.0,-3.0,1.0,-3.0,4.0,2.0,1.0,-4.0,6.0,-1.0,-4.0,-2.0,7.0,-3.0,-6.0,-1.0,-8.0,9.0,7.0,0.0,-7.0,4.0,0.0,3.0,-2.0,-2.0,-2.0,5.0,-2.0,-2.0,2.0,-3.0,5.0,0.0,-2.0,-1.0,1.0,1.0,0.0,0.0,0.0,-1.0,912.0,4.0,3.0,0.0,1.0
2020-04-29,,0.0,-4.0,4.0,3.0,2.0,-5.0,3.0,-2.0,-1.0,1.0,-1.0,3.0,0.0,-2.0,3.0,-4.0,-3.0,4.0,3.0,-1.0,-4.0,1.0,-2.0,4.0,-4.0,4.0,-4.0,3.0,1.0,1.0,-5.0,-1.0,6.0,-2.0,1.0,2.0,-5.0,-3.0,8.0,-1.0,-4.0,-2.0,8.0,-5.0,-1.0,0.0,1.0,1.0,0.0,0.0,5.0,-6.0,-2.0,4.0,-4.0,4.0,-1.0,-1.0,2.0,-1.0,847.0,2.0,1.0,0.0,1.0
2020-04-30,,1.0,0.0,-1.0,-2.0,-4.0,8.0,-3.0,-2.0,-1.0,8.0,-7.0,1.0,0.0,-4.0,3.0,-2.0,10.0,-4.0,-12.0,7.0,7.0,-2.0,-2.0,1.0,2.0,-4.0,0.0,-2.0,-2.0,2.0,3.0,-1.0,-1.0,0.0,0.0,2.0,0.0,5.0,-7.0,2.0,-1.0,3.0,-8.0,11.0,2.0,-5.0,0.0,-1.0,-1.0,1.0,-5.0,1.0,7.0,-3.0,1.0,1.0,-4.0,2.0,-1.0,0.0,681.0,1.0,0.0,1.0,2.0
2020-05-01,,-3.0,1.0,2.0,-6.0,8.0,-4.0,4.0,-3.0,-6.0,0.0,7.0,-4.0,3.0,6.0,-8.0,3.0,-7.0,3.0,-3.0,6.0,-2.0,1.0,0.0,-7.0,5.0,2.0,0.0,1.0,-4.0,4.0,-1.0,3.0,-4.0,3.0,1.0,-5.0,2.0,-3.0,3.0,1.0,0.0,-3.0,3.0,-3.0,-3.0,5.0,0.0,-1.0,2.0,1.0,-1.0,2.0,-6.0,2.0,1.0,-3.0,5.0,-1.0,-2.0,3.0,290.0,0.0,0.0,0.0,0.0
2020-05-02,,0.0,1.0,-1.0,-4.0,3.0,2.0,-7.0,6.0,4.0,-4.0,3.0,-3.0,-1.0,-10.0,11.0,0.0,-1.0,1.0,-2.0,2.0,-2.0,2.0,1.0,-1.0,-1.0,2.0,-2.0,0.0,0.0,3.0,-3.0,-1.0,1.0,2.0,-3.0,3.0,-1.0,0.0,0.0,-1.0,2.0,-1.0,-1.0,1.0,-1.0,0.0,1.0,0.0,0.0,1.0,-2.0,0.0,2.0,-1.0,-1.0,1.0,0.0,-1.0,1.0,-1.0,196.0,0.0,0.0,0.0,0.0
2020-05-03,,2.0,-2.0,0.0,-1.0,1.0,0.0,1.0,-3.0,0.0,4.0,-5.0,2.0,0.0,6.0,-4.0,-2.0,5.0,-4.0,-3.0,3.0,0.0,0.0,0.0,0.0,1.0,-2.0,1.0,0.0,2.0,-5.0,3.0,0.0,-1.0,0.0,2.0,-2.0,0.0,1.0,0.0,-1.0,0.0,1.0,2.0,-2.0,0.0,0.0,-1.0,6.0,-5.0,-1.0,0.0,2.0,-2.0,3.0,-2.0,0.0,0.0,0.0,0.0,1.0,193.0,1.0,1.0,0.0,0.0
2020-05-04,,-1.0,1.0,0.0,9.0,-9.0,0.0,3.0,1.0,-1.0,-2.0,3.0,1.0,-3.0,-1.0,-2.0,7.0,-10.0,6.0,28.0,-28.0,-2.0,3.0,0.0,-1.0,1.0,-3.0,9.0,-11.0,13.0,-9.0,0.0,-1.0,5.0,-6.0,0.0,2.0,0.0,0.0,-1.0,3.0,-2.0,4.0,-4.0,1.0,0.0,-2.0,0.0,-6.0,9.0,-3.0,2.0,-2.0,1.0,-4.0,6.0,-3.0,0.0,-1.0,1.0,0.0,748.0,3.0,0.0,2.0,0.0
2020-05-05,,0.0,2.0,-2.0,0.0,0.0,2.0,-1.0,-4.0,7.0,2.0,-7.0,-2.0,5.0,10.0,-11.0,-4.0,8.0,-4.0,-15.0,13.0,4.0,-2.0,-3.0,7.0,-5.0,-1.0,1.0,5.0,-1.0,-3.0,-2.0,0.0,2.0,4.0,-4.0,2.0,-4.0,7.0,-3.0,-1.0,-1.0,-6.0,7.0,-5.0,4.0,-1.0,2.0,-1.0,0.0,0.0,-1.0,1.0,1.0,-3.0,-2.0,3.0,0.0,3.0,-3.0,-2.0,759.0,2.0,0.0,1.0,0.0
2020-05-06,,-1.0,2.0,-1.0,-1.0,0.0,-1.0,2.0,3.0,-9.0,0.0,7.0,0.0,0.0,-15.0,15.0,4.0,-6.0,-2.0,-4.0,10.0,-1.0,-2.0,2.0,-1.0,-1.0,6.0,-11.0,4.0,-9.0,9.0,2.0,0.0,-5.0,1.0,6.0,-6.0,2.0,-4.0,3.0,0.0,0.0,1.0,-2.0,5.0,9.0,-8.0,-3.0,1.0,-3.0,3.0,5.0,-6.0,-1.0,5.0,-3.0,2.0,-4.0,5.0,-4.0,3.0,696.0,0.0,2.0,3.0,1.0
2020-05-07,,3.0,-7.0,4.0,6.0,-3.0,-1.0,-4.0,2.0,4.0,-5.0,3.0,-2.0,-1.0,2.0,0.0,-3.0,2.0,1.0,-1.0,-1.0,0.0,-2.0,2.0,-1.0,1.0,0.0,-2.0,2.0,0.0,-1.0,2.0,2.0,-3.0,3.0,-2.0,0.0,2.0,-2.0,0.0,-3.0,4.0,-1.0,0.0,-2.0,-12.0,14.0,-1.0,1.0,-3.0,1.0,-2.0,2.0,2.0,0.0,-2.0,-2.0,4.0,-2.0,2.0,0.0,592.0,2.0,3.0,0.0,2.0
2020-05-08,,3.0,0.0,-3.0,-7.0,4.0,3.0,4.0,-7.0,7.0,-5.0,-2.0,3.0,0.0,4.0,-2.0,-3.0,0.0,2.0,-2.0,4.0,-3.0,1.0,-2.0,-3.0,2.0,-1.0,3.0,-1.0,-3.0,6.0,-3.0,2.0,2.0,-4.0,-2.0,4.0,-1.0,8.0,-7.0,1.0,0.0,1.0,-1.0,-2.0,2.0,-4.0,3.0,-2.0,1.0,1.0,-5.0,3.0,0.0,0.0,4.0,-3.0,2.0,-3.0,2.0,0.0,581.0,1.0,4.0,1.0,0.0
2020-05-09,,-6.0,3.0,3.0,-1.0,1.0,-1.0,-3.0,4.0,-9.0,8.0,-1.0,-1.0,2.0,-6.0,3.0,1.0,2.0,0.0,-4.0,-1.0,4.0,-1.0,3.0,-1.0,0.0,-1.0,2.0,1.0,-1.0,-2.0,2.0,-3.0,-1.0,2.0,2.0,-1.0,-1.0,-8.0,8.0,0.0,-2.0,1.0,-2.0,5.0,-2.0,1.0,-2.0,3.0,0.0,0.0,-1.0,1.0,-1.0,-1.0,-1.0,4.0,-2.0,-3.0,2.0,-2.0,183.0,0.0,0.0,0.0,0.0
2020-05-10,,0.0,0.0,0.0,-6.0,5.0,0.0,-2.0,3.0,0.0,1.0,-1.0,1.0,-2.0,1.0,0.0,-1.0,1.0,-2.0,3.0,-1.0,-2.0,4.0,-4.0,7.0,-5.0,0.0,-1.0,-1.0,4.0,-2.0,-1.0,1.0,0.0,-1.0,0.0,-1.0,3.0,-3.0,1.0,0.0,1.0,0.0,0.0,0.0,-1.0,0.0,1.0,-1.0,1.0,-1.0,2.0,-1.0,0.0,2.0,-2.0,0.0,-1.0,1.0,1.0,-1.0,131.0,0.0,0.0,0.0,0.0
2020-05-11,,-1.0,5.0,-4.0,8.0,-8.0,4.0,4.0,-5.0,4.0,-2.0,-1.0,4.0,-7.0,4.0,-3.0,-2.0,10.0,-2.0,9.0,-14.0,0.0,1.0,3.0,-5.0,6.0,-2.0,-4.0,2.0,1.0,-1.0,0.0,-3.0,6.0,-7.0,0.0,1.0,-2.0,7.0,-4.0,-2.0,8.0,-1.0,-5.0,0.0,3.0,-1.0,-2.0,0.0,-2.0,2.0,-2.0,3.0,-1.0,-3.0,3.0,-1.0,-1.0,5.0,-5.0,2.0,642.0,3.0,0.0,0.0,0.0
2020-05-12,,3.0,-5.0,2.0,1.0,0.0,-3.0,-3.0,7.0,-5.0,6.0,-3.0,-6.0,7.0,4.0,-2.0,-1.0,-12.0,2.0,2.0,7.0,-2.0,4.0,-5.0,-3.0,0.0,4.0,3.0,-7.0,1.0,1.0,5.0,-2.0,-3.0,6.0,0.0,0.0,-2.0,-3.0,2.0,1.0,-4.0,-2.0,5.0,1.0,-3.0,2.0,-2.0,3.0,1.0,-2.0,1.0,-3.0,5.0,1.0,-5.0,0.0,2.0,-3.0,4.0,-2.0,604.0,0.0,2.0,-1.0,2.0
2020-05-13,,0.0,2.0,-2.0,3.0,-5.0,0.0,1.0,4.0,2.0,-8.0,1.0,5.0,2.0,-3.0,-6.0,8.0,-1.0,1.0,12.0,-15.0,0.0,-8.0,4.0,6.0,-2.0,-4.0,1.0,3.0,-1.0,4.0,-8.0,4.0,-2.0,0.0,1.0,1.0,0.0,1.0,-2.0,1.0,-1.0,1.0,2.0,-4.0,4.0,-5.0,7.0,-2.0,-4.0,3.0,4.0,-4.0,-5.0,1.0,5.0,-3.0,1.0,2.0,-4.0,0.0,612.0,2.0,2.0,0.0,0.0
2020-05-14,,1.0,-2.0,1.0,0.0,12.0,-2.0,-9.0,-3.0,7.0,-7.0,4.0,-1.0,-5.0,9.0,-2.0,-4.0,-1.0,2.0,-12.0,9.0,6.0,-3.0,1.0,-2.0,1.0,7.0,-8.0,8.0,-2.0,-6.0,4.0,-3.0,3.0,-4.0,4.0,-3.0,0.0,-2.0,2.0,2.0,0.0,-5.0,6.0,-4.0,0.0,5.0,-3.0,-3.0,3.0,-2.0,-2.0,4.0,4.0,-7.0,1.0,3.0,-1.0,-2.0,0.0,4.0,667.0,3.0,4.0,0.0,0.0
2020-05-15,,-2.0,2.0,0.0,-5.0,-5.0,0.0,9.0,-2.0,-6.0,8.0,-1.0,-2.0,2.0,-13.0,12.0,-2.0,5.0,-3.0,-8.0,11.0,-4.0,3.0,1.0,-1.0,-1.0,-6.0,9.0,-6.0,1.0,0.0,2.0,4.0,-7.0,7.0,-5.0,1.0,2.0,2.0,1.0,-5.0,-2.0,6.0,-4.0,3.0,-2.0,-3.0,-1.0,4.0,1.0,-2.0,-1.0,1.0,1.0,2.0,-3.0,3.0,-3.0,1.0,1.0,-2.0,396.0,1.0,1.0,2.0,1.0
2020-05-16,,0.0,-3.0,3.0,-6.0,6.0,0.0,-1.0,0.0,-5.0,3.0,2.0,0.0,-1.0,0.0,1.0,1.0,-3.0,2.0,-3.0,3.0,0.0,0.0,-2.0,0.0,1.0,1.0,-1.0,1.0,-2.0,3.0,-2.0,-2.0,5.0,-2.0,-2.0,2.0,0.0,-2.0,0.0,2.0,0.0,0.0,-4.0,4.0,0.0,1.0,1.0,-3.0,2.0,-1.0,0.0,0.0,-5.0,6.0,0.0,-3.0,3.0,-3.0,3.0,0.0,99.0,0.0,0.0,0.0,0.0
2020-05-17,,-1.0,2.0,-1.0,-3.0,3.0,0.0,0.0,-1.0,3.0,-1.0,-3.0,0.0,1.0,-5.0,6.0,-1.0,2.0,-1.0,-2.0,1.0,0.0,1.0,0.0,-2.0,3.0,-1.0,1.0,-2.0,8.0,-6.0,-1.0,3.0,-1.0,-2.0,0.0,2.0,-2.0,-1.0,0.0,1.0,0.0,0.0,3.0,-3.0,-2.0,1.0,1.0,1.0,-2.0,4.0,-2.0,0.0,-1.0,0.0,2.0,-1.0,-1.0,3.0,-3.0,-1.0,128.0,0.0,0.0,0.0,0.0
2020-05-18,,4.0,-4.0,0.0,14.0,-13.0,1.0,-2.0,0.0,8.0,-5.0,-3.0,1.0,2.0,9.0,-12.0,7.0,-5.0,2.0,5.0,-7.0,1.0,-1.0,-1.0,5.0,-6.0,3.0,1.0,-2.0,-6.0,3.0,6.0,-5.0,1.0,-2.0,3.0,-3.0,5.0,0.0,-2.0,0.0,0.0,2.0,-7.0,3.0,1.0,0.0,1.0,0.0,0.0,-2.0,2.0,-2.0,0.0,0.0,-1.0,0.0,2.0,-3.0,3.0,-1.0,474.0,0.0,3.0,0.0,0.0
2020-05-19,,0.0,1.0,-1.0,-2.0,4.0,-6.0,8.0,-3.0,5.0,-6.0,2.0,0.0,3.0,-2.0,-4.0,-2.0,4.0,-5.0,9.0,-6.0,1.0,3.0,-1.0,-2.0,1.0,-3.0,-2.0,5.0,0.0,3.0,-5.0,2.0,1.0,0.0,-2.0,1.0,-1.0,-3.0,1.0,3.0,1.0,-6.0,9.0,-5.0,2.0,-1.0,2.0,5.0,-9.0,-2.0,4.0,-1.0,1.0,0.0,-1.0,2.0,-3.0,3.0,-1.0,3.0,534.0,3.0,3.0,-1.0,1.0
2020-05-20,,0.0,1.0,-1.0,2.0,-5.0,8.0,-7.0,4.0,-5.0,6.0,1.0,-2.0,3.0,-5.0,3.0,-3.0,-1.0,5.0,-8.0,6.0,-2.0,5.0,-4.0,-1.0,0.0,3.0,-3.0,5.0,-4.0,-3.0,2.0,-2.0,6.0,-5.0,2.0,1.0,-3.0,6.0,-4.0,-3.0,1.0,7.0,-8.0,4.0,-2.0,3.0,-3.0,-7.0,6.0,2.0,0.0,1.0,-1.0,2.0,-3.0,1.0,0.0,-2.0,1.0,-2.0,583.0,4.0,1.0,0.0,0.0
2020-05-21,,-1.0,1.0,0.0,13.0,-11.0,-3.0,3.0,-7.0,-1.0,3.0,0.0,0.0,-8.0,4.0,6.0,1.0,5.0,-6.0,-2.0,2.0,2.0,-7.0,3.0,2.0,0.0,3.0,-3.0,-6.0,3.0,4.0,-3.0,5.0,-10.0,9.0,1.0,-1.0,-2.0,-2.0,2.0,7.0,-8.0,-3.0,4.0,0.0,-2.0,-1.0,2.0,0.0,2.0,0.0,-3.0,1.0,2.0,-4.0,4.0,-2.0,2.0,1.0,-3.0,3.0,409.0,1.0,2.0,0.0,1.0
2020-05-22,,-2.0,4.0,-2.0,-12.0,14.0,-2.0,-1.0,9.0,-3.0,1.0,-6.0,5.0,6.0,0.0,-10.0,0.0,0.0,-3.0,9.0,-4.0,-5.0,2.0,2.0,-3.0,2.0,-1.0,3.0,-3.0,-2.0,5.0,-2.0,-4.0,4.0,0.0,-3.0,-3.0,7.0,-1.0,3.0,-9.0,9.0,-3.0,0.0,-1.0,1.0,0.0,-2.0,0.0,1.0,3.0,-1.0,-2.0,2.0,-2.0,1.0,-1.0,0.0,1.0,1.0,-4.0,501.0,2.0,2.0,2.0,0.0
2020-05-23,,-1.0,-4.0,5.0,-11.0,7.0,3.0,-2.0,-3.0,-1.0,-1.0,6.0,-5.0,-3.0,-5.0,13.0,-1.0,-6.0,8.0,-3.0,1.0,4.0,-3.0,-1.0,0.0,1.0,-2.0,1.0,2.0,1.0,-4.0,3.0,0.0,-1.0,0.0,0.0,3.0,-5.0,-1.0,1.0,4.0,-4.0,3.0,-2.0,4.0,-1.0,-2.0,-1.0,4.0,-1.0,-4.0,2.0,2.0,-3.0,3.0,-2.0,2.0,0.0,-4.0,2.0,1.0,154.0,0.0,0.0,0.0,0.0
2020-05-24,,0.0,2.0,-2.0,0.0,1.0,-1.0,0.0,-2.0,0.0,2.0,1.0,-1.0,-2.0,0.0,1.0,0.0,1.0,0.0,-5.0,3.0,1.0,0.0,2.0,-1.0,1.0,-1.0,0.0,1.0,-3.0,1.0,0.0,2.0,-2.0,2.0,-2.0,2.0,-1.0,2.0,-2.0,1.0,-2.0,0.0,2.0,-3.0,1.0,3.0,-1.0,-1.0,0.0,2.0,-4.0,1.0,0.0,0.0,1.0,0.0,0.0,0.0,1.0,-1.0,97.0,0.0,0.0,0.0,0.0
2020-05-25,,6.0,-6.0,0.0,8.0,-6.0,-1.0,2.0,-1.0,4.0,-3.0,-4.0,4.0,0.0,4.0,-5.0,1.0,2.0,-3.0,-2.0,2.0,-2.0,2.0,1.0,6.0,-8.0,-1.0,1.0,1.0,4.0,-2.0,-4.0,0.0,4.0,-4.0,3.0,-4.0,3.0,-1.0,0.0,-3.0,5.0,-1.0,-1.0,-1.0,0.0,0.0,0.0,2.0,1.0,-4.0,3.0,1.0,2.0,-2.0,0.0,-3.0,-1.0,2.0,1.0,-1.0,375.0,2.0,0.0,1.0,0.0
2020-05-26,,2.0,2.0,-4.0,5.0,-7.0,3.0,3.0,-2.0,5.0,-5.0,2.0,-3.0,4.0,3.0,-4.0,-3.0,0.0,-2.0,18.0,-11.0,-7.0,0.0,-1.0,-3.0,5.0,-1.0,3.0,-2.0,7.0,-11.0,7.0,3.0,-5.0,0.0,-1.0,5.0,-4.0,-1.0,2.0,4.0,-8.0,2.0,2.0,-2.0,1.0,2.0,0.0,-2.0,0.0,0.0,0.0,-1.0,0.0,-2.0,0.0,5.0,1.0,1.0,-7.0,7.0,567.0,0.0,0.0,1.0,1.0
2020-05-27,,-3.0,0.0,3.0,0.0,5.0,-6.0,0.0,2.0,-11.0,10.0,1.0,3.0,-7.0,6.0,-7.0,6.0,1.0,-2.0,-7.0,-1.0,12.0,-4.0,-2.0,9.0,-8.0,4.0,-1.0,-5.0,-4.0,9.0,-3.0,-2.0,3.0,-1.0,3.0,-3.0,-3.0,7.0,-4.0,-1.0,6.0,-4.0,-2.0,2.0,6.0,-9.0,3.0,1.0,-3.0,3.0,0.0,-5.0,5.0,-1.0,0.0,-5.0,3.0,-3.0,5.0,-5.0,551.0,2.0,2.0,1.0,0.0
2020-05-28,,-2.0,0.0,2.0,-3.0,2.0,-2.0,-2.0,4.0,9.0,-10.0,-3.0,4.0,0.0,-1.0,6.0,1.0,-13.0,11.0,-3.0,3.0,-5.0,4.0,0.0,-5.0,2.0,0.0,1.0,7.0,-6.0,-1.0,1.0,1.0,4.0,-6.0,0.0,1.0,3.0,-7.0,0.0,1.0,-1.0,5.0,-4.0,3.0,1.0,-2.0,1.0,-3.0,1.0,0.0,-4.0,7.0,-7.0,6.0,0.0,2.0,-6.0,4.0,-2.0,0.0,538.0,2.0,1.0,0.0,0.0
2020-05-29,,3.0,4.0,-7.0,-4.0,2.0,4.0,2.0,-2.0,-4.0,5.0,-1.0,-3.0,4.0,-6.0,-1.0,1.0,9.0,-7.0,8.0,-6.0,0.0,0.0,0.0,-7.0,8.0,-4.0,1.0,-7.0,6.0,3.0,-1.0,-5.0,-1.0,5.0,-4.0,-1.0,3.0,0.0,6.0,-6.0,1.0,1.0,6.0,-5.0,-9.0,7.0,-1.0,2.0,0.0,-2.0,7.0,-2.0,0.0,-2.0,0.0,1.0,1.0,3.0,-5.0,1.0,523.0,0.0,-1.0,1.0,1.0
2020-05-30,,-6.0,-2.0,8.0,0.0,-3.0,2.0,-3.0,1.0,-6.0,3.0,4.0,1.0,-3.0,-9.0,14.0,-6.0,0.0,2.0,-19.0,17.0,1.0,0.0,3.0,-1.0,5.0,-3.0,-4.0,4.0,-2.0,-1.0,-2.0,6.0,-4.0,3.0,0.0,-1.0,4.0,-4.0,-1.0,2.0,-2.0,-2.0,0.0,2.0,2.0,0.0,-3.0,2.0,0.0,3.0,-6.0,0.0,0.0,4.0,-2.0,-2.0,4.0,-7.0,6.0,0.0,197.0,0.0,0.0,0.0,0.0
2020-05-31,,1.0,-1.0,0.0,-8.0,7.0,1.0,-2.0,1.0,1.0,0.0,-1.0,-2.0,1.0,0.0,5.0,-5.0,1.0,2.0,-2.0,2.0,0.0,-2.0,-1.0,0.0,-2.0,2.0,1.0,2.0,-3.0,1.0,1.0,-3.0,0.0,1.0,3.0,1.0,-5.0,4.0,-2.0,0.0,1.0,0.0,-1.0,1.0,0.0,0.0,2.0,-5.0,3.0,-1.0,1.0,0.0,0.0,-3.0,2.0,1.0,-1.0,1.0,0.0,-1.0,153.0,0.0,0.0,0.0,0.0
2020-06-01,,4.0,0.0,-4.0,7.0,-5.0,0.0,1.0,-2.0,8.0,-5.0,0.0,-4.0,7.0,6.0,-13.0,3.0,-1.0,-1.0,6.0,-7.0,1.0,3.0,-1.0,5.0,-6.0,1.0,-1.0,3.0,3.0,-5.0,0.0,2.0,-1.0,2.0,-5.0,0.0,0.0,3.0,-2.0,1.0,-1.0,0.0,-1.0,2.0,-2.0,1.0,7.0,-5.0,-4.0,4.0,0.0,0.0,-1.0,-2.0,1.0,-2.0,1.0,-1.0,0.0,2.0,434.0,1.0,0.0,1.0,0.0
2020-06-02,,-1.0,4.0,-3.0,5.0,-4.0,-3.0,0.0,5.0,-2.0,-5.0,2.0,5.0,-6.0,19.0,-19.0,2.0,2.0,-3.0,10.0,-3.0,-3.0,2.0,-5.0,1.0,-3.0,7.0,-1.0,-6.0,4.0,-1.0,1.0,-1.0,0.0,-2.0,3.0,0.0,4.0,-5.0,-1.0,2.0,0.0,0.0,1.0,-2.0,5.0,-5.0,-5.0,4.0,3.0,-5.0,1.0,1.0,0.0,1.0,-2.0,3.0,-1.0,3.0,-2.0,-1.0,547.0,1.0,2.0,1.0,0.0
2020-06-03,,-1.0,-1.0,2.0,1.0,-1.0,7.0,-3.0,-5.0,6.0,-1.0,-4.0,-1.0,8.0,-20.0,13.0,2.0,-1.0,1.0,-5.0,2.0,1.0,0.0,-1.0,2.0,7.0,-13.0,3.0,1.0,-3.0,4.0,-2.0,1.0,1.0,0.0,-2.0,2.0,-2.0,2.0,1.0,-3.0,3.0,0.0,1.0,-5.0,1.0,0.0,-3.0,5.0,-2.0,0.0,3.0,-3.0,3.0,0.0,0.0,-1.0,-2.0,-1.0,4.0,1.0,568.0,1.0,4.0,2.0,0.0
2020-06-04,,-1.0,2.0,-1.0,-3.0,1.0,-2.0,5.0,-4.0,-9.0,10.0,2.0,0.0,-6.0,1.0,4.0,-2.0,1.0,0.0,11.0,-14.0,0.0,0.0,5.0,6.0,-13.0,8.0,-1.0,-1.0,-3.0,4.0,2.0,-3.0,3.0,-4.0,5.0,-3.0,-3.0,1.0,1.0,3.0,-3.0,0.0,1.0,0.0,-2.0,1.0,4.0,-2.0,0.0,2.0,-2.0,3.0,-3.0,-1.0,0.0,-1.0,1.0,2.0,0.0,-3.0,472.0,3.0,2.0,1.0,2.0
2020-06-05,,-2.0,2.0,0.0,2.0,-2.0,-2.0,5.0,-2.0,9.0,-12.0,4.0,3.0,-7.0,24.0,-19.0,-2.0,-1.0,3.0,-2.0,3.0,4.0,-5.0,0.0,-8.0,7.0,-4.0,1.0,3.0,1.0,-3.0,1.0,-3.0,1.0,1.0,2.0,-4.0,2.0,4.0,-3.0,-4.0,1.0,-1.0,-1.0,4.0,-2.0,4.0,-4.0,-1.0,7.0,-3.0,-2.0,-1.0,2.0,2.0,-1.0,2.0,-3.0,1.0,-3.0,0.0,512.0,1.0,0.0,0.0,1.0
2020-06-06,,1.0,-4.0,3.0,-6.0,8.0,-3.0,-6.0,7.0,-11.0,10.0,-2.0,-4.0,4.0,-22.0,23.0,-2.0,2.0,-1.0,-12.0,13.0,-5.0,1.0,4.0,-5.0,3.0,3.0,1.0,-2.0,-1.0,1.0,-3.0,6.0,-5.0,2.0,-3.0,4.0,0.0,-5.0,5.0,3.0,-3.0,3.0,-4.0,2.0,1.0,-1.0,-2.0,1.0,-3.0,1.0,0.0,1.0,0.0,-1.0,1.0,-1.0,4.0,-4.0,1.0,1.0,224.0,0.0,2.0,2.0,0.0
2020-06-07,,-1.0,-2.0,3.0,-4.0,1.0,3.0,-2.0,0.0,-1.0,2.0,3.0,-4.0,2.0,-10.0,7.0,4.0,-2.0,1.0,-6.0,4.0,1.0,0.0,0.0,0.0,1.0,3.0,-5.0,3.0,-3.0,1.0,3.0,-4.0,3.0,0.0,-2.0,-1.0,2.0,-1.0,1.0,-3.0,3.0,-2.0,2.0,0.0,-2.0,0.0,2.0,2.0,-3.0,0.0,1.0,-1.0,0.0,0.0,1.0,0.0,0.0,-1.0,1.0,0.0,83.0,0.0,0.0,0.0,0.0
2020-06-08,,3.0,-3.0,0.0,12.0,-10.0,0.0,2.0,-1.0,6.0,-7.0,-2.0,4.0,-5.0,9.0,-3.0,1.0,-5.0,0.0,9.0,-9.0,0.0,2.0,-4.0,7.0,-4.0,-3.0,8.0,-8.0,11.0,-8.0,-1.0,5.0,-3.0,-3.0,4.0,1.0,-1.0,5.0,-5.0,-3.0,4.0,2.0,-3.0,-3.0,3.0,-1.0,-2.0,-1.0,1.0,4.0,-5.0,2.0,-1.0,-1.0,0.0,0.0,0.0,2.0,-2.0,3.0,363.0,0.0,0.0,0.0,0.0
2020-06-09,,1.0,4.0,-5.0,-1.0,1.0,0.0,0.0,-2.0,2.0,1.0,0.0,-3.0,5.0,2.0,-5.0,-5.0,8.0,-3.0,3.0,0.0,2.0,-2.0,3.0,-6.0,0.0,4.0,-8.0,9.0,-6.0,2.0,-1.0,-5.0,8.0,-1.0,-2.0,-4.0,1.0,1.0,-1.0,4.0,-5.0,0.0,7.0,-4.0,0.0,0.0,0.0,4.0,-2.0,-4.0,3.0,1.0,2.0,-3.0,1.0,-1.0,-1.0,1.0,2.0,-5.0,409.0,2.0,1.0,2.0,0.0
2020-06-10,,-1.0,0.0,1.0,0.0,0.0,0.0,-4.0,3.0,-3.0,1.0,3.0,4.0,-2.0,0.0,-3.0,0.0,3.0,-2.0,-8.0,5.0,0.0,0.0,-3.0,0.0,8.0,-6.0,5.0,-6.0,4.0,-1.0,1.0,3.0,-4.0,0.0,3.0,0.0,-1.0,5.0,-7.0,7.0,-2.0,-4.0,-5.0,8.0,-3.0,0.0,2.0,-2.0,0.0,1.0,3.0,-5.0,10.0,-6.0,6.0,-2.0,-6.0,1.0,-2.0,4.0,395.0,0.0,2.0,0.0,0.0
2020-06-11,,0.0,-2.0,2.0,3.0,-6.0,5.0,4.0,-4.0,-4.0,3.0,2.0,-8.0,3.0,5.0,-3.0,8.0,-11.0,2.0,16.0,-14.0,0.0,2.0,2.0,2.0,-11.0,5.0,0.0,1.0,-4.0,4.0,1.0,-4.0,0.0,2.0,-5.0,6.0,-1.0,-7.0,8.0,-7.0,7.0,-1.0,-1.0,-2.0,2.0,2.0,-1.0,1.0,3.0,-6.0,0.0,0.0,-9.0,8.0,-7.0,7.0,3.0,-2.0,2.0,-4.0,437.0,3.0,2.0,2.0,0.0
2020-06-12,,3.0,-2.0,-1.0,1.0,3.0,-7.0,4.0,4.0,8.0,-14.0,-2.0,7.0,-2.0,-3.0,-2.0,2.0,3.0,0.0,-8.0,6.0,2.0,-6.0,0.0,3.0,2.0,0.0,-5.0,2.0,1.0,1.0,0.0,0.0,-1.0,1.0,1.0,0.0,0.0,-2.0,2.0,-1.0,-4.0,4.0,4.0,-4.0,1.0,-2.0,2.0,-7.0,0.0,6.0,1.0,0.0,-1.0,2.0,-1.0,-2.0,3.0,-2.0,8.0,-3.0,470.0,2.0,0.0,1.0,0.0
2020-06-13,,-6.0,5.0,1.0,-9.0,7.0,3.0,-4.0,-5.0,-6.0,19.0,-8.0,-1.0,0.0,-10.0,13.0,-5.0,3.0,3.0,-9.0,8.0,-4.0,3.0,2.0,-4.0,4.0,-3.0,4.0,-1.0,-3.0,1.0,-1.0,2.0,-1.0,0.0,0.0,-1.0,-1.0,0.0,2.0,2.0,-3.0,2.0,-3.0,4.0,-3.0,1.0,1.0,3.0,-2.0,-1.0,-1.0,2.0,-2.0,0.0,2.0,-3.0,1.0,0.0,-8.0,5.0,150.0,1.0,1.0,0.0,0.0
2020-06-14,,0.0,-2.0,2.0,-8.0,9.0,-4.0,0.0,3.0,-3.0,-2.0,4.0,1.0,-1.0,0.0,1.0,-1.0,1.0,-3.0,-5.0,7.0,2.0,-1.0,-1.0,-1.0,1.0,0.0,0.0,0.0,1.0,-1.0,0.0,0.0,-1.0,2.0,-1.0,-1.0,2.0,-1.0,2.0,-2.0,2.0,-3.0,1.0,1.0,0.0,0.0,-2.0,0.0,2.0,1.0,-2.0,1.0,-1.0,1.0,0.0,0.0,-1.0,1.0,0.0,1.0,57.0,0.0,0.0,1.0,0.0
2020-06-15,,2.0,0.0,-2.0,3.0,-1.0,-2.0,7.0,-6.0,9.0,-8.0,1.0,4.0,-7.0,17.0,-15.0,-2.0,-2.0,3.0,39.0,-39.0,-2.0,5.0,-4.0,1.0,1.0,3.0,-5.0,4.0,-1.0,-2.0,-1.0,2.0,2.0,-3.0,6.0,-2.0,1.0,-3.0,-2.0,-2.0,12.0,-6.0,-4.0,-1.0,2.0,2.0,-3.0,1.0,-1.0,2.0,-2.0,-1.0,1.0,0.0,-1.0,0.0,0.0,2.0,1.0,-3.0,403.0,1.0,4.0,0.0,1.0
2020-06-16,,-1.0,3.0,-2.0,9.0,-12.0,3.0,1.0,1.0,-3.0,1.0,0.0,5.0,-2.0,6.0,-9.0,6.0,-3.0,-1.0,-20.0,17.0,1.0,-1.0,3.0,-3.0,0.0,0.0,2.0,-1.0,0.0,2.0,2.0,-4.0,0.0,1.0,-4.0,1.0,-2.0,4.0,0.0,2.0,-12.0,6.0,9.0,-5.0,0.0,2.0,-1.0,1.0,-3.0,-2.0,6.0,-3.0,2.0,-1.0,1.0,0.0,-1.0,-2.0,-1.0,3.0,393.0,0.0,1.0,0.0,1.0
2020-06-17,,-1.0,1.0,0.0,-4.0,5.0,-1.0,-2.0,-1.0,1.0,4.0,-2.0,-7.0,9.0,-14.0,13.0,-3.0,9.0,-10.0,2.0,1.0,0.0,0.0,-1.0,10.0,-6.0,-6.0,3.0,-1.0,3.0,1.0,-8.0,6.0,-1.0,-1.0,1.0,0.0,0.0,1.0,-4.0,2.0,2.0,1.0,-5.0,3.0,1.0,-5.0,4.0,0.0,0.0,1.0,-4.0,3.0,-2.0,2.0,-2.0,3.0,1.0,-1.0,-1.0,0.0,388.0,1.0,2.0,1.0,1.0
2020-06-18,,3.0,-6.0,3.0,7.0,-6.0,-1.0,-5.0,10.0,-6.0,0.0,0.0,-3.0,0.0,9.0,-4.0,-3.0,-3.0,8.0,-5.0,3.0,-1.0,1.0,-1.0,-7.0,6.0,6.0,-2.0,-6.0,5.0,-5.0,10.0,-6.0,-2.0,1.0,-4.0,7.0,-2.0,0.0,0.0,4.0,-4.0,-4.0,5.0,-1.0,-4.0,4.0,0.0,-2.0,2.0,0.0,-1.0,1.0,0.0,0.0,-1.0,5.0,-5.0,6.0,-5.0,6.0,426.0,3.0,1.0,0.0,1.0
2020-06-19,,-3.0,9.0,-6.0,-10.0,9.0,1.0,5.0,-2.0,4.0,-7.0,4.0,-2.0,-1.0,-9.0,7.0,1.0,-1.0,2.0,-3.0,3.0,4.0,-4.0,1.0,1.0,-2.0,-4.0,0.0,4.0,-3.0,0.0,-2.0,2.0,5.0,-3.0,2.0,-2.0,1.0,-1.0,0.0,-1.0,3.0,1.0,-1.0,-2.0,3.0,-2.0,-2.0,1.0,0.0,-3.0,4.0,-2.0,3.0,-3.0,1.0,-4.0,4.0,-4.0,5.0,-7.0,493.0,1.0,2.0,0.0,0.0
2020-06-20,,2.0,-8.0,6.0,-6.0,5.0,1.0,-5.0,-2.0,-3.0,11.0,-5.0,2.0,-1.0,-5.0,5.0,0.0,-1.0,2.0,-9.0,9.0,-3.0,2.0,-1.0,-1.0,2.0,2.0,0.0,0.0,-7.0,8.0,-3.0,1.0,-1.0,2.0,0.0,-3.0,0.0,2.0,1.0,-4.0,2.0,5.0,-9.0,6.0,0.0,-1.0,1.0,1.0,0.0,1.0,-3.0,1.0,-1.0,1.0,0.0,-3.0,1.0,0.0,1.0,-1.0,143.0,2.0,0.0,0.0,0.0
2020-06-21,,-2.0,1.0,1.0,6.0,-6.0,0.0,-2.0,3.0,-5.0,1.0,1.0,1.0,1.0,-2.0,3.0,0.0,-1.0,-1.0,-4.0,6.0,-2.0,-1.0,2.0,-1.0,2.0,-3.0,1.0,2.0,1.0,-3.0,3.0,-2.0,-3.0,4.0,0.0,-2.0,1.0,1.0,-1.0,1.0,-1.0,-5.0,7.0,-2.0,0.0,-2.0,2.0,-3.0,2.0,0.0,1.0,0.0,0.0,0.0,1.0,0.0,-1.0,-1.0,0.0,1.0,87.0,0.0,0.0,1.0,0.0
2020-06-22,,2.0,1.0,-3.0,-2.0,4.0,-2.0,2.0,-2.0,9.0,-9.0,1.0,1.0,3.0,5.0,-11.0,2.0,4.0,-5.0,9.0,-7.0,3.0,-4.0,2.0,-2.0,-2.0,3.0,0.0,-1.0,0.0,2.0,-3.0,2.0,8.0,-10.0,1.0,1.0,-1.0,-3.0,3.0,-2.0,0.0,1.0,2.0,-2.0,-1.0,1.0,-1.0,2.0,0.0,-1.0,1.0,-1.0,0.0,1.0,-1.0,1.0,1.0,1.0,-1.0,-1.0,214.0,0.0,1.0,1.0,0.0
2020-06-23,,-1.0,-1.0,2.0,11.0,-9.0,4.0,-7.0,0.0,0.0,2.0,2.0,1.0,-7.0,6.0,3.0,-6.0,-3.0,6.0,2.0,-6.0,-1.0,4.0,-1.0,3.0,-5.0,4.0,-4.0,0.0,9.0,-4.0,-1.0,-2.0,-2.0,3.0,-4.0,3.0,0.0,4.0,-4.0,0.0,-1.0,1.0,-2.0,1.0,0.0,4.0,-3.0,2.0,-3.0,6.0,-6.0,2.0,4.0,-7.0,4.0,-1.0,-1.0,0.0,-3.0,1.0,371.0,2.0,1.0,2.0,-1.0
2020-06-24,,3.0,-2.0,-1.0,-1.0,0.0,-4.0,9.0,-2.0,4.0,-3.0,-2.0,-1.0,1.0,0.0,-2.0,3.0,3.0,-9.0,1.0,1.0,4.0,0.0,4.0,-4.0,-1.0,-2.0,3.0,-1.0,-3.0,-1.0,0.0,3.0,-6.0,3.0,5.0,-4.0,4.0,-4.0,2.0,0.0,1.0,2.0,-5.0,2.0,2.0,-2.0,1.0,8.0,-8.0,-4.0,2.0,0.0,-6.0,8.0,-2.0,-2.0,0.0,3.0,5.0,-4.0,382.0,3.0,1.0,1.0,0.0
2020-06-25,,-4.0,3.0,1.0,4.0,-5.0,5.0,-5.0,-1.0,-3.0,2.0,5.0,-3.0,0.0,5.0,-8.0,6.0,-4.0,5.0,-2.0,1.0,-1.0,-4.0,-5.0,2.0,6.0,0.0,4.0,-4.0,-2.0,-2.0,5.0,-3.0,3.0,2.0,-3.0,0.0,-1.0,3.0,-1.0,1.0,-2.0,-2.0,4.0,-1.0,-1.0,-1.0,1.0,-11.0,9.0,-1.0,6.0,-4.0,1.0,-1.0,2.0,1.0,-2.0,-4.0,2.0,6.0,360.0,0.0,2.0,0.0,1.0
2020-06-26,,0.0,3.0,-3.0,1.0,-1.0,-3.0,1.0,11.0,-5.0,-4.0,-5.0,3.0,9.0,-16.0,12.0,-3.0,0.0,2.0,-4.0,5.0,-9.0,10.0,-2.0,4.0,-7.0,3.0,-8.0,8.0,3.0,-4.0,0.0,0.0,2.0,-1.0,0.0,-1.0,-2.0,0.0,3.0,-2.0,-1.0,1.0,0.0,0.0,2.0,-2.0,0.0,4.0,-4.0,4.0,-6.0,3.0,1.0,-1.0,-5.0,3.0,5.0,-1.0,-3.0,-4.0,408.0,2.0,2.0,0.0,0.0
2020-06-27,,2.0,-4.0,2.0,-16.0,15.0,0.0,1.0,-10.0,-2.0,15.0,-2.0,-3.0,-6.0,1.0,3.0,-1.0,0.0,2.0,-6.0,8.0,2.0,-6.0,1.0,0.0,5.0,-5.0,4.0,0.0,-6.0,10.0,-8.0,5.0,-3.0,-3.0,2.0,0.0,2.0,-3.0,-1.0,4.0,0.0,1.0,-3.0,2.0,-2.0,1.0,0.0,-3.0,6.0,-3.0,1.0,1.0,-3.0,2.0,4.0,-4.0,-1.0,-1.0,2.0,0.0,147.0,0.0,0.0,0.0,0.0
2020-06-28,,-2.0,3.0,-1.0,-4.0,3.0,1.0,0.0,2.0,-2.0,-5.0,2.0,2.0,0.0,2.0,-1.0,-1.0,2.0,-3.0,2.0,-2.0,1.0,1.0,0.0,-1.0,0.0,-1.0,4.0,-6.0,-1.0,1.0,5.0,-4.0,0.0,3.0,-2.0,2.0,-1.0,-1.0,2.0,-2.0,3.0,-3.0,2.0,0.0,-2.0,1.0,3.0,-3.0,1.0,-1.0,2.0,-2.0,1.0,0.0,-3.0,3.0,-2.0,2.0,-2.0,3.0,63.0,0.0,0.0,0.0,0.0
2020-06-29,,0.0,-2.0,2.0,5.0,-3.0,0.0,-1.0,4.0,-2.0,-2.0,3.0,-2.0,1.0,-1.0,0.0,0.0,-2.0,4.0,2.0,-2.0,-3.0,-1.0,2.0,0.0,0.0,0.0,0.0,4.0,-1.0,-4.0,-2.0,3.0,-3.0,1.0,2.0,1.0,1.0,1.0,-2.0,1.0,-5.0,1.0,2.0,-1.0,0.0,1.0,-3.0,4.0,-3.0,-1.0,2.0,-1.0,1.0,-1.0,0.0,1.0,0.0,-1.0,1.0,-2.0,227.0,3.0,1.0,0.0,0.0
2020-06-30,,4.0,1.0,-5.0,5.0,-6.0,1.0,0.0,-3.0,9.0,3.0,-11.0,6.0,-4.0,14.0,-14.0,4.0,-2.0,-1.0,3.0,-6.0,5.0,-2.0,3.0,3.0,-8.0,2.0,-1.0,-4.0,1.0,2.0,2.0,2.0,1.0,-1.0,-4.0,0.0,2.0,-4.0,2.0,-1.0,7.0,-1.0,-2.0,-3.0,3.0,-2.0,4.0,-3.0,-1.0,4.0,-2.0,0.0,3.0,-2.0,1.0,-4.0,1.0,1.0,-2.0,0.0,367.0,0.0,3.0,1.0,1.0
2020-07-01,,-3.0,-1.0,4.0,3.0,-2.0,-2.0,1.0,1.0,3.0,-10.0,6.0,-5.0,8.0,-14.0,10.0,-3.0,2.0,0.0,0.0,0.0,5.0,-3.0,-6.0,-2.0,8.0,-1.0,-3.0,4.0,6.0,-4.0,1.0,-6.0,2.0,0.0,4.0,1.0,-7.0,3.0,1.0,1.0,-4.0,2.0,-2.0,3.0,-1.0,-1.0,-1.0,2.0,1.0,-1.0,-3.0,3.0,-2.0,0.0,-1.0,1.0,0.0,4.0,1.0,-2.0,283.0,0.0,3.0,0.0,0.0
2020-07-02,,2.0,-2.0,0.0,2.0,-2.0,1.0,-2.0,-2.0,-3.0,4.0,2.0,1.0,2.0,-8.0,6.0,3.0,-4.0,1.0,1.0,-4.0,-3.0,4.0,7.0,-5.0,-2.0,1.0,-1.0,2.0,-3.0,5.0,-4.0,3.0,-1.0,-2.0,-2.0,-1.0,5.0,0.0,-3.0,1.0,2.0,-2.0,4.0,-4.0,0.0,3.0,-5.0,1.0,2.0,-2.0,4.0,-2.0,-1.0,-1.0,2.0,0.0,1.0,-3.0,-2.0,4.0,291.0,1.0,0.0,0.0,0.0
2020-07-03,,-3.0,2.0,1.0,0.0,2.0,-1.0,-1.0,6.0,1.0,-5.0,1.0,-1.0,-3.0,11.0,-10.0,-4.0,8.0,-8.0,13.0,-3.0,-6.0,2.0,-6.0,8.0,-1.0,1.0,0.0,-6.0,-1.0,-2.0,5.0,0.0,1.0,0.0,0.0,-1.0,-1.0,-1.0,1.0,3.0,-5.0,3.0,-1.0,1.0,4.0,-6.0,5.0,0.0,-2.0,-2.0,1.0,2.0,0.0,1.0,-3.0,0.0,2.0,-2.0,1.0,-1.0,364.0,1.0,2.0,1.0,0.0
2020-07-04,,2.0,-2.0,0.0,-9.0,6.0,-1.0,3.0,-7.0,-5.0,10.0,-1.0,1.0,-3.0,-6.0,10.0,1.0,-3.0,4.0,-18.0,13.0,3.0,0.0,1.0,-6.0,4.0,-2.0,3.0,4.0,-4.0,2.0,-2.0,-1.0,0.0,1.0,0.0,1.0,-1.0,1.0,1.0,-4.0,3.0,0.0,-1.0,2.0,-4.0,4.0,-2.0,-1.0,0.0,2.0,-2.0,-1.0,-1.0,2.0,3.0,9.0,-11.0,1.0,2.0,-1.0,111.0,7.0,0.0,1.0,0.0
2020-07-05,,-1.0,0.0,1.0,-2.0,1.0,1.0,-1.0,1.0,0.0,-1.0,1.0,0.0,-2.0,0.0,2.0,-1.0,1.0,0.0,-1.0,0.0,4.0,-4.0,1.0,-1.0,2.0,-2.0,-1.0,-1.0,3.0,0.0,1.0,-2.0,-2.0,3.0,1.0,-2.0,1.0,1.0,-1.0,0.0,0.0,-2.0,0.0,2.0,-2.0,2.0,-1.0,-1.0,2.0,0.0,0.0,1.0,-1.0,0.0,-1.0,-5.0,5.0,2.0,-1.0,0.0,65.0,0.0,0.0,1.0,0.0
2020-07-06,,2.0,2.0,-4.0,2.0,0.0,-1.0,0.0,3.0,-1.0,0.0,-1.0,-3.0,5.0,2.0,-5.0,1.0,0.0,2.0,4.0,-8.0,-3.0,8.0,-4.0,9.0,-11.0,3.0,0.0,0.0,-4.0,1.0,0.0,3.0,1.0,-2.0,0.0,-1.0,4.0,-5.0,1.0,-1.0,2.0,0.0,1.0,-1.0,-1.0,-1.0,4.0,-1.0,-2.0,1.0,-1.0,-1.0,5.0,-4.0,0.0,-2.0,4.0,-4.0,2.0,0.0,188.0,1.0,0.0,0.0,1.0
2020-07-07,,0.0,-1.0,1.0,4.0,-4.0,1.0,1.0,-6.0,6.0,-4.0,2.0,2.0,-2.0,10.0,-9.0,3.0,0.0,-1.0,1.0,0.0,-4.0,-4.0,5.0,0.0,0.0,0.0,5.0,-6.0,4.0,2.0,-5.0,-1.0,-1.0,1.0,0.0,3.0,-6.0,6.0,-1.0,0.0,1.0,-1.0,6.0,-8.0,0.0,1.0,-4.0,7.0,-3.0,-1.0,2.0,1.0,-6.0,5.0,1.0,0.0,-4.0,3.0,-3.0,0.0,334.0,4.0,1.0,1.0,2.0
2020-07-08,,-1.0,-1.0,2.0,3.0,-5.0,3.0,-1.0,1.0,10.0,-10.0,0.0,2.0,-2.0,-3.0,0.0,-1.0,0.0,-1.0,14.0,-13.0,6.0,2.0,-5.0,-7.0,10.0,-4.0,-4.0,5.0,4.0,-9.0,4.0,0.0,4.0,-2.0,1.0,0.0,-2.0,2.0,-2.0,1.0,-4.0,2.0,-7.0,7.0,3.0,-1.0,0.0,-4.0,5.0,-2.0,-1.0,-1.0,3.0,-1.0,0.0,-2.0,3.0,-1.0,-1.0,2.0,285.0,2.0,2.0,1.0,0.0
2020-07-09,,-1.0,1.0,0.0,-3.0,2.0,0.0,-1.0,5.0,-12.0,12.0,-3.0,-2.0,1.0,-9.0,13.0,0.0,-5.0,0.0,-9.0,13.0,-2.0,-5.0,5.0,3.0,-5.0,1.0,1.0,0.0,-2.0,6.0,-4.0,3.0,1.0,-5.0,-1.0,1.0,3.0,-3.0,1.0,-1.0,3.0,-3.0,-1.0,3.0,-1.0,-1.0,0.0,0.0,-2.0,2.0,1.0,1.0,2.0,-4.0,-1.0,1.0,1.0,-1.0,2.0,-1.0,280.0,3.0,0.0,0.0,0.0
2020-07-10,,3.0,-1.0,-2.0,29.0,-24.0,-4.0,0.0,1.0,6.0,-11.0,4.0,3.0,-1.0,17.0,-21.0,0.0,4.0,-1.0,8.0,-9.0,2.0,-1.0,-2.0,1.0,-2.0,5.0,-6.0,4.0,1.0,-6.0,4.0,-1.0,-1.0,2.0,2.0,-3.0,-1.0,-1.0,6.0,-5.0,2.0,1.0,2.0,-4.0,2.0,1.0,-3.0,-1.0,3.0,1.0,1.0,-5.0,0.0,2.0,0.0,1.0,-3.0,6.0,-5.0,-1.0,427.0,1.0,0.0,0.0,0.0
2020-07-11,,-4.0,2.0,2.0,-33.0,28.0,3.0,0.0,-3.0,-13.0,16.0,0.0,-6.0,3.0,-11.0,14.0,-1.0,0.0,2.0,-16.0,13.0,-1.0,2.0,0.0,-3.0,5.0,-3.0,3.0,-3.0,-1.0,4.0,1.0,-2.0,-5.0,6.0,-2.0,-1.0,2.0,3.0,-6.0,4.0,-2.0,1.0,-1.0,2.0,-1.0,-1.0,4.0,0.0,-3.0,1.0,-4.0,5.0,-2.0,0.0,0.0,-1.0,2.0,-3.0,3.0,2.0,125.0,1.0,0.0,1.0,0.0
2020-07-12,,0.0,-1.0,1.0,-3.0,3.0,-1.0,3.0,0.0,-1.0,-1.0,-2.0,3.0,-2.0,-7.0,8.0,0.0,-2.0,0.0,-4.0,7.0,-1.0,3.0,-2.0,-3.0,2.0,0.0,1.0,-1.0,-2.0,3.0,-2.0,-1.0,2.0,-1.0,-1.0,2.0,1.0,-3.0,2.0,0.0,-1.0,0.0,0.0,1.0,-2.0,1.0,0.0,0.0,1.0,-2.0,2.0,1.0,-2.0,1.0,0.0,1.0,-1.0,-1.0,2.0,-1.0,74.0,0.0,0.0,0.0,0.0
2020-07-13,,3.0,0.0,-3.0,3.0,-2.0,-1.0,2.0,-3.0,4.0,-1.0,0.0,-1.0,0.0,17.0,-18.0,0.0,1.0,0.0,4.0,-3.0,-1.0,-1.0,2.0,0.0,0.0,-3.0,1.0,2.0,0.0,-1.0,-2.0,3.0,-2.0,1.0,4.0,0.0,-5.0,4.0,-3.0,-1.0,4.0,-3.0,4.0,-5.0,1.0,0.0,-1.0,0.0,0.0,2.0,-1.0,-3.0,4.0,1.0,-2.0,-1.0,2.0,-1.0,0.0,0.0,225.0,1.0,1.0,0.0,0.0
2020-07-14,,1.0,0.0,-1.0,4.0,-2.0,1.0,-1.0,0.0,10.0,-11.0,-3.0,9.0,-1.0,29.0,-31.0,0.0,-4.0,4.0,5.0,-11.0,6.0,-1.0,3.0,-2.0,-2.0,0.0,-2.0,-2.0,7.0,-6.0,2.0,-2.0,5.0,0.0,0.0,-2.0,-3.0,-1.0,6.0,-1.0,-4.0,3.0,-6.0,4.0,1.0,-1.0,0.0,1.0,1.0,-3.0,4.0,-3.0,-2.0,0.0,4.0,-1.0,-1.0,-1.0,0.0,2.0,420.0,2.0,0.0,0.0,0.0
2020-07-15,,-2.0,-1.0,3.0,3.0,-6.0,3.0,1.0,-4.0,-6.0,9.0,2.0,-9.0,2.0,-34.0,44.0,-9.0,7.0,-7.0,2.0,3.0,-5.0,-1.0,-1.0,6.0,0.0,3.0,-2.0,0.0,-3.0,3.0,-1.0,4.0,-5.0,-1.0,-2.0,1.0,8.0,-5.0,-5.0,7.0,-3.0,-2.0,8.0,-5.0,-2.0,2.0,6.0,-6.0,-1.0,3.0,-5.0,3.0,2.0,-3.0,3.0,-3.0,0.0,2.0,0.0,-4.0,351.0,0.0,0.0,0.0,0.0
2020-07-16,,-2.0,4.0,-2.0,-4.0,8.0,0.0,-9.0,7.0,1.0,-4.0,1.0,-1.0,3.0,-8.0,2.0,3.0,0.0,1.0,-7.0,6.0,-1.0,2.0,-1.0,7.0,-9.0,-2.0,6.0,1.0,-6.0,3.0,1.0,-3.0,1.0,1.0,-1.0,-1.0,-1.0,5.0,0.0,-4.0,1.0,3.0,-3.0,4.0,-2.0,1.0,-6.0,5.0,-1.0,0.0,2.0,0.0,-3.0,4.0,-5.0,3.0,1.0,1.0,-4.0,3.0,282.0,1.0,0.0,1.0,1.0
2020-07-17,,3.0,-4.0,1.0,2.0,-3.0,-4.0,6.0,-1.0,2.0,2.0,-4.0,3.0,-4.0,18.0,-18.0,2.0,-3.0,5.0,4.0,-3.0,-2.0,-2.0,0.0,-10.0,10.0,6.0,-5.0,-1.0,15.0,-13.0,-3.0,0.0,0.0,1.0,-1.0,3.0,-2.0,-3.0,6.0,-4.0,6.0,-6.0,2.0,-3.0,5.0,0.0,-2.0,-2.0,1.0,2.0,-1.0,0.0,-2.0,1.0,1.0,2.0,-3.0,-2.0,4.0,-1.0,465.0,0.0,1.0,0.0,0.0
2020-07-18,,-2.0,0.0,2.0,-7.0,5.0,2.0,-1.0,-1.0,-7.0,3.0,6.0,0.0,-4.0,5.0,-5.0,3.0,1.0,-3.0,-7.0,6.0,4.0,1.0,-2.0,-1.0,1.0,-2.0,-1.0,1.0,-13.0,12.0,6.0,-3.0,3.0,-4.0,0.0,-1.0,5.0,-3.0,-4.0,6.0,-6.0,5.0,-4.0,5.0,-4.0,0.0,1.0,3.0,2.0,-6.0,2.0,0.0,1.0,-1.0,-2.0,-1.0,4.0,-2.0,0.0,0.0,159.0,0.0,0.0,0.0,0.0
2020-07-19,,1.0,0.0,-1.0,0.0,1.0,0.0,-3.0,2.0,-1.0,4.0,-4.0,0.0,1.0,-28.0,29.0,-2.0,0.0,1.0,1.0,-1.0,-1.0,-1.0,3.0,-1.0,0.0,-3.0,3.0,0.0,-1.0,1.0,-1.0,2.0,-3.0,1.0,1.0,0.0,-3.0,3.0,0.0,-1.0,3.0,-2.0,1.0,-2.0,1.0,-2.0,3.0,-1.0,-3.0,3.0,-2.0,1.0,1.0,-1.0,1.0,2.0,-4.0,4.0,-2.0,0.0,87.0,0.0,2.0,0.0,0.0
2020-07-20,,0.0,3.0,-3.0,6.0,-6.0,1.0,0.0,1.0,0.0,-2.0,3.0,-2.0,2.0,26.0,-28.0,1.0,0.0,-3.0,6.0,-4.0,1.0,-1.0,2.0,-1.0,2.0,-4.0,4.0,-4.0,6.0,-5.0,1.0,-2.0,0.0,1.0,4.0,-5.0,1.0,1.0,-2.0,2.0,-4.0,2.0,1.0,0.0,-1.0,0.0,0.0,0.0,1.0,-1.0,3.0,-3.0,1.0,0.0,0.0,-3.0,2.0,-2.0,2.0,0.0,276.0,1.0,0.0,0.0,0.0
2020-07-21,,1.0,-1.0,0.0,9.0,-8.0,-3.0,6.0,-4.0,7.0,-8.0,-2.0,3.0,0.0,-15.0,17.0,0.0,-3.0,2.0,7.0,-9.0,2.0,-1.0,1.0,4.0,-7.0,3.0,-2.0,2.0,12.0,-11.0,-2.0,0.0,0.0,0.0,-2.0,3.0,2.0,-4.0,1.0,-3.0,4.0,0.0,7.0,-8.0,2.0,0.0,-1.0,0.0,-2.0,2.0,-3.0,4.0,5.0,-8.0,5.0,-2.0,-1.0,3.0,0.0,-4.0,465.0,4.0,1.0,0.0,0.0
2020-07-22,,-1.0,-1.0,2.0,-8.0,8.0,2.0,-2.0,-2.0,2.0,3.0,-1.0,-4.0,6.0,1.0,-5.0,-2.0,7.0,-2.0,-7.0,4.0,-3.0,6.0,-8.0,4.0,2.0,0.0,-2.0,1.0,-17.0,16.0,0.0,5.0,1.0,-4.0,-1.0,0.0,0.0,4.0,-2.0,-1.0,-1.0,0.0,-10.0,9.0,2.0,-1.0,1.0,-3.0,3.0,-2.0,2.0,-3.0,-5.0,10.0,-6.0,2.0,0.0,0.0,0.0,1.0,416.0,0.0,2.0,0.0,0.0
2020-07-23,,2.0,-3.0,1.0,-1.0,3.0,-1.0,0.0,0.0,-8.0,5.0,-2.0,6.0,-5.0,-5.0,7.0,3.0,-5.0,0.0,2.0,4.0,-4.0,0.0,4.0,-7.0,4.0,-1.0,-1.0,4.0,2.0,-4.0,2.0,-3.0,-2.0,5.0,1.0,2.0,-8.0,0.0,6.0,-2.0,-2.0,3.0,5.0,-5.0,-4.0,2.0,-1.0,5.0,-3.0,1.0,-3.0,1.0,0.0,-2.0,0.0,4.0,-1.0,-2.0,2.0,2.0,441.0,0.0,19.0,1.0,0.0
2020-07-24,,-1.0,2.0,-1.0,6.0,-5.0,-4.0,7.0,-3.0,20.0,-20.0,2.0,-2.0,1.0,7.0,-10.0,0.0,-1.0,5.0,5.0,-9.0,4.0,-4.0,3.0,6.0,-11.0,4.0,0.0,-4.0,7.0,-4.0,1.0,-1.0,-1.0,-2.0,-3.0,3.0,3.0,1.0,-3.0,1.0,2.0,-2.0,-3.0,2.0,3.0,-1.0,-1.0,-1.0,0.0,2.0,2.0,0.0,3.0,-4.0,3.0,-7.0,3.0,0.0,-2.0,0.0,715.0,1.0,4.0,0.0,1.0
2020-07-25,,-2.0,0.0,2.0,-11.0,6.0,3.0,-6.0,8.0,-23.0,20.0,0.0,2.0,-2.0,-14.0,16.0,-1.0,4.0,-6.0,-8.0,11.0,1.0,-2.0,-4.0,-4.0,10.0,-2.0,1.0,2.0,-7.0,4.0,-3.0,2.0,2.0,1.0,0.0,-1.0,2.0,-4.0,2.0,0.0,0.0,-1.0,0.0,2.0,-2.0,0.0,1.0,-1.0,3.0,-4.0,1.0,3.0,-7.0,4.0,-1.0,3.0,-1.0,1.0,-1.0,0.0,247.0,0.0,1.0,0.0,0.0
2020-07-26,,-1.0,2.0,-1.0,-1.0,1.0,1.0,0.0,-3.0,0.0,2.0,2.0,-5.0,0.0,1.0,2.0,-1.0,0.0,2.0,-5.0,3.0,-1.0,2.0,1.0,0.0,-1.0,0.0,0.0,1.0,-4.0,4.0,0.0,0.0,-1.0,2.0,-1.0,-3.0,0.0,3.0,-2.0,1.0,0.0,1.0,-2.0,1.0,0.0,0.0,2.0,-3.0,0.0,2.0,-1.0,-3.0,3.0,0.0,-1.0,1.0,0.0,-2.0,1.0,1.0,149.0,0.0,1.0,0.0,0.0
2020-07-27,,0.0,1.0,-1.0,9.0,-9.0,3.0,-2.0,4.0,2.0,-8.0,3.0,1.0,0.0,9.0,-7.0,0.0,-6.0,2.0,5.0,-5.0,0.0,1.0,-1.0,2.0,-1.0,1.0,-1.0,-2.0,3.0,-2.0,-1.0,3.0,1.0,-4.0,5.0,-3.0,1.0,0.0,-2.0,3.0,-3.0,-2.0,4.0,-3.0,0.0,1.0,-2.0,1.0,1.0,-1.0,2.0,-2.0,2.0,-1.0,2.0,-3.0,1.0,-1.0,1.0,0.0,417.0,1.0,0.0,0.0,0.0
2020-07-28,,9.0,-7.0,-2.0,6.0,-3.0,-4.0,2.0,-3.0,7.0,1.0,-4.0,-1.0,5.0,8.0,-16.0,-2.0,12.0,-7.0,20.0,-20.0,2.0,2.0,-4.0,1.0,-2.0,-1.0,7.0,-5.0,0.0,1.0,0.0,-6.0,7.0,-3.0,-5.0,6.0,1.0,-2.0,-1.0,0.0,2.0,-1.0,2.0,-2.0,3.0,-2.0,1.0,2.0,-4.0,-1.0,-1.0,5.0,-2.0,0.0,-4.0,3.0,0.0,1.0,1.0,-2.0,798.0,1.0,3.0,1.0,0.0
2020-07-29,,-5.0,3.0,2.0,1.0,-3.0,3.0,1.0,-4.0,2.0,-2.0,1.0,3.0,-8.0,3.0,2.0,6.0,-10.0,6.0,-16.0,13.0,5.0,-5.0,4.0,0.0,-2.0,0.0,-2.0,1.0,2.0,-1.0,0.0,0.0,-4.0,2.0,2.0,0.0,-2.0,1.0,1.0,-2.0,5.0,-2.0,-6.0,7.0,-1.0,1.0,-4.0,3.0,-1.0,0.0,1.0,-4.0,1.0,0.0,4.0,-2.0,0.0,6.0,-9.0,4.0,745.0,3.0,1.0,2.0,0.0
2020-07-30,,2.0,3.0,-5.0,-9.0,8.0,0.0,-2.0,3.0,0.0,1.0,0.0,7.0,-7.0,36.0,-38.0,-3.0,4.0,-2.0,5.0,-3.0,-5.0,5.0,-3.0,4.0,-1.0,6.0,-9.0,5.0,-2.0,1.0,-2.0,5.0,-5.0,2.0,0.0,-1.0,-1.0,-1.0,2.0,3.0,-5.0,5.0,-4.0,-1.0,2.0,0.0,4.0,-2.0,0.0,-1.0,1.0,0.0,1.0,-1.0,-1.0,0.0,-2.0,-4.0,8.0,-4.0,950.0,1.0,1.0,0.0,0.0
2020-07-31,,-3.0,3.0,0.0,18.0,-16.0,-2.0,1.0,2.0,3.0,-3.0,-4.0,-4.0,9.0,-16.0,18.0,3.0,-9.0,3.0,14.0,-13.0,26.0,-10.0,-17.0,0.0,-5.0,-3.0,5.0,4.0,-5.0,-1.0,5.0,-4.0,9.0,0.0,-3.0,-1.0,3.0,-2.0,-3.0,-4.0,3.0,-4.0,12.0,-7.0,-4.0,5.0,-3.0,-1.0,-2.0,6.0,-3.0,0.0,1.0,-2.0,0.0,2.0,0.0,-1.0,-1.0,4.0,1314.0,8.0,3.0,1.0,1.0
2020-08-01,,-2.0,-1.0,3.0,-21.0,19.0,1.0,-2.0,-1.0,-7.0,3.0,4.0,-5.0,4.0,-35.0,35.0,-6.0,9.0,-3.0,-25.0,25.0,-26.0,7.0,20.0,-7.0,12.0,-4.0,2.0,-3.0,6.0,-4.0,-1.0,-1.0,-2.0,-1.0,3.0,-1.0,-3.0,4.0,1.0,2.0,-3.0,3.0,-7.0,6.0,0.0,-2.0,3.0,-1.0,4.0,-5.0,0.0,1.0,1.0,0.0,0.0,-1.0,2.0,1.0,-3.0,1.0,396.0,1.0,0.0,0.0,1.0
2020-08-02,,0.0,0.0,0.0,-5.0,4.0,-1.0,0.0,1.0,-5.0,6.0,-1.0,2.0,-1.0,-8.0,5.0,5.0,-4.0,2.0,-2.0,2.0,-2.0,4.0,-2.0,0.0,2.0,0.0,-3.0,-3.0,-2.0,6.0,-2.0,2.0,-3.0,1.0,-1.0,3.0,0.0,-1.0,3.0,-3.0,2.0,0.0,2.0,-2.0,0.0,-4.0,-1.0,0.0,3.0,1.0,-1.0,2.0,-3.0,2.0,-1.0,1.0,0.0,-3.0,3.0,-3.0,234.0,0.0,0.0,0.0,0.0
2020-08-03,,1.0,-3.0,2.0,4.0,2.0,-4.0,2.0,-1.0,7.0,-8.0,0.0,6.0,-3.0,17.0,-19.0,-2.0,4.0,0.0,39.0,-40.0,-3.0,-2.0,2.0,1.0,-1.0,-1.0,0.0,3.0,3.0,-1.0,0.0,-3.0,3.0,-4.0,1.0,1.0,-2.0,1.0,1.0,-2.0,-1.0,0.0,0.0,-1.0,2.0,2.0,-3.0,4.0,-4.0,-1.0,5.0,-3.0,-2.0,1.0,1.0,0.0,0.0,0.0,-1.0,1.0,683.0,1.0,3.0,0.0,0.0
2020-08-04,,1.0,3.0,-4.0,20.0,-22.0,0.0,4.0,3.0,6.0,-6.0,2.0,-10.0,1.0,0.0,5.0,-4.0,4.0,-4.0,-10.0,11.0,5.0,-1.0,-3.0,6.0,-7.0,2.0,2.0,-4.0,0.0,-5.0,10.0,-5.0,3.0,-1.0,1.0,0.0,1.0,-4.0,-1.0,7.0,-4.0,-1.0,-4.0,4.0,-1.0,0.0,3.0,-4.0,0.0,5.0,-6.0,2.0,2.0,2.0,-5.0,1.0,-1.0,3.0,0.0,-2.0,1447.0,3.0,1.0,1.0,2.0
2020-08-05,,3.0,-2.0,-1.0,-14.0,14.0,10.0,-12.0,0.0,-12.0,7.0,0.0,7.0,5.0,-3.0,-7.0,6.0,-3.0,1.0,-15.0,15.0,-1.0,-3.0,6.0,-4.0,2.0,0.0,2.0,-1.0,0.0,-1.0,-8.0,11.0,-9.0,5.0,0.0,-1.0,0.0,6.0,-5.0,-1.0,4.0,-1.0,6.0,-7.0,1.0,-1.0,1.0,-1.0,1.0,-3.0,4.0,0.0,-3.0,1.0,5.0,-4.0,-1.0,0.0,-1.0,3.0,1296.0,2.0,1.0,1.0,1.0
2020-08-06,,-4.0,-1.0,5.0,8.0,-4.0,-11.0,6.0,1.0,4.0,0.0,-4.0,2.0,-5.0,1.0,5.0,-4.0,-1.0,5.0,16.0,-19.0,0.0,2.0,-3.0,-1.0,4.0,-4.0,3.0,-1.0,9.0,-6.0,8.0,-12.0,5.0,-3.0,1.0,-5.0,3.0,-3.0,3.0,-2.0,1.0,3.0,-7.0,6.0,3.0,-1.0,-4.0,4.0,0.0,0.0,-5.0,0.0,6.0,-5.0,3.0,-2.0,2.0,-2.0,1.0,-1.0,1476.0,3.0,2.0,1.0,0.0
2020-08-07,,4.0,2.0,-6.0,8.0,-11.0,7.0,-2.0,1.0,11.0,-9.0,-1.0,-1.0,-4.0,2.0,-1.0,8.0,-3.0,-6.0,8.0,-9.0,4.0,1.0,0.0,1.0,-6.0,9.0,-11.0,5.0,-2.0,5.0,-12.0,11.0,-5.0,3.0,2.0,-1.0,-2.0,9.0,-11.0,5.0,-2.0,-4.0,6.0,-4.0,-2.0,2.0,2.0,-3.0,-1.0,7.0,2.0,-5.0,1.0,-2.0,0.0,1.0,2.0,-2.0,-2.0,0.0,1991.0,8.0,3.0,0.0,2.0
2020-08-08,,-4.0,0.0,4.0,-18.0,14.0,3.0,-1.0,-4.0,-12.0,13.0,1.0,-3.0,2.0,-13.0,18.0,-9.0,1.0,4.0,-33.0,36.0,-3.0,-2.0,2.0,-2.0,4.0,-5.0,4.0,0.0,-10.0,6.0,4.0,-2.0,4.0,-1.0,-6.0,4.0,3.0,-10.0,12.0,-3.0,-1.0,2.0,-2.0,3.0,-3.0,-1.0,1.0,1.0,1.0,-6.0,1.0,5.0,-4.0,3.0,-2.0,4.0,-4.0,1.0,3.0,-1.0,620.0,2.0,0.0,0.0,0.0
2020-08-09,,-1.0,-3.0,4.0,-7.0,9.0,-8.0,4.0,0.0,-4.0,4.0,2.0,-3.0,1.0,3.0,-5.0,7.0,-4.0,1.0,-6.0,6.0,-1.0,1.0,-1.0,-1.0,1.0,1.0,1.0,-1.0,-3.0,3.0,-1.0,0.0,-2.0,4.0,2.0,-2.0,-2.0,0.0,1.0,-2.0,1.0,1.0,-1.0,1.0,0.0,0.0,0.0,0.0,4.0,-5.0,0.0,0.0,0.0,1.0,-2.0,0.0,1.0,1.0,0.0,1.0,391.0,0.0,0.0,0.0,0.0
2020-08-10,,1.0,2.0,-3.0,10.0,-7.0,1.0,2.0,-3.0,5.0,-6.0,-2.0,2.0,-2.0,7.0,-6.0,-2.0,7.0,-5.0,42.0,-41.0,0.0,1.0,-2.0,5.0,-3.0,-3.0,3.0,-2.0,12.0,-11.0,-2.0,2.0,-1.0,-3.0,1.0,1.0,-1.0,8.0,-4.0,1.0,-3.0,-1.0,1.0,-1.0,4.0,-4.0,1.0,1.0,-4.0,4.0,0.0,0.0,0.0,-1.0,1.0,0.0,0.0,-2.0,1.0,-1.0,880.0,2.0,1.0,2.0,0.0
2020-08-11,,2.0,-2.0,0.0,14.0,-16.0,4.0,-1.0,-4.0,10.0,-8.0,6.0,-1.0,5.0,54.0,-56.0,-1.0,-4.0,-2.0,24.0,-22.0,-4.0,12.0,-6.0,2.0,-4.0,0.0,-4.0,5.0,0.0,-1.0,3.0,0.0,4.0,-2.0,-6.0,1.0,4.0,-6.0,-1.0,-3.0,5.0,3.0,7.0,-10.0,1.0,2.0,-3.0,0.0,2.0,-3.0,3.0,-1.0,-2.0,1.0,-2.0,2.0,0.0,0.0,0.0,1.0,2441.0,0.0,1.0,0.0,1.0
2020-08-12,,-2.0,8.0,-6.0,-7.0,8.0,3.0,-6.0,9.0,-11.0,6.0,-1.0,4.0,-12.0,-30.0,31.0,5.0,-3.0,8.0,-55.0,56.0,-2.0,-8.0,5.0,-5.0,3.0,1.0,2.0,-3.0,-7.0,8.0,0.0,-3.0,-3.0,4.0,4.0,1.0,-4.0,2.0,-1.0,2.0,0.0,-3.0,-3.0,4.0,-1.0,2.0,-1.0,0.0,1.0,1.0,-2.0,-1.0,6.0,-1.0,-2.0,-1.0,1.0,2.0,-5.0,1.0,2154.0,3.0,3.0,1.0,2.0
2020-08-13,,20.0,-22.0,2.0,-5.0,4.0,-4.0,8.0,-1.0,-2.0,3.0,-4.0,9.0,-3.0,10.0,-14.0,-1.0,8.0,-7.0,6.0,-13.0,12.0,-9.0,4.0,-4.0,1.0,1.0,0.0,4.0,0.0,-5.0,1.0,1.0,0.0,-2.0,5.0,-7.0,5.0,-4.0,3.0,0.0,1.0,2.0,-7.0,4.0,1.0,-2.0,2.0,-1.0,-1.0,3.0,-4.0,5.0,-5.0,-2.0,3.0,0.0,-3.0,4.0,1.0,-2.0,2406.0,1.0,4.0,1.0,0.0
2020-08-14,,-7.0,10.0,-3.0,16.0,-19.0,7.0,-7.0,4.0,9.0,-11.0,-1.0,-11.0,16.0,-22.0,23.0,13.0,-19.0,6.0,-6.0,5.0,-3.0,0.0,5.0,1.0,4.0,-9.0,1.0,-6.0,4.0,7.0,-1.0,-2.0,-2.0,2.0,-3.0,4.0,-9.0,7.0,-2.0,2.0,-3.0,0.0,-1.0,1.0,-1.0,3.0,1.0,-1.0,-4.0,-1.0,2.0,-4.0,4.0,0.0,3.0,2.0,-1.0,-5.0,3.0,1.0,3241.0,1.0,5.0,4.0,0.0
2020-08-15,,-12.0,5.0,7.0,-16.0,16.0,-4.0,2.0,-7.0,-8.0,10.0,5.0,-3.0,2.0,-18.0,15.0,-18.0,14.0,1.0,-10.0,13.0,0.0,1.0,-6.0,8.0,-7.0,9.0,-2.0,3.0,-7.0,1.0,-1.0,3.0,-1.0,-1.0,-2.0,4.0,6.0,-6.0,1.0,-1.0,2.0,-1.0,1.0,3.0,-3.0,-1.0,-1.0,1.0,2.0,2.0,1.0,-1.0,-3.0,2.0,-3.0,-3.0,3.0,4.0,-3.0,-1.0,917.0,0.0,1.0,0.0,0.0
2020-08-16,,-3.0,0.0,3.0,-5.0,5.0,-4.0,2.0,2.0,-5.0,7.0,-4.0,-1.0,-1.0,-3.0,11.0,-4.0,1.0,-3.0,-1.0,5.0,-6.0,5.0,-1.0,-8.0,7.0,1.0,-1.0,1.0,-2.0,0.0,0.0,-1.0,2.0,1.0,2.0,1.0,-5.0,4.0,-2.0,-1.0,0.0,-1.0,1.0,0.0,1.0,-2.0,1.0,2.0,0.0,-4.0,0.0,2.0,1.0,2.0,-1.0,-1.0,0.0,-3.0,3.0,0.0,521.0,0.0,0.0,1.0,1.0
2020-08-17,,4.0,0.0,-4.0,9.0,-9.0,19.0,-17.0,0.0,6.0,-3.0,-1.0,-1.0,-1.0,8.0,-8.0,6.0,-6.0,2.0,7.0,-9.0,4.0,-4.0,-1.0,13.0,-14.0,3.0,-1.0,1.0,1.0,-2.0,0.0,-1.0,3.0,-4.0,1.0,-4.0,6.0,-3.0,3.0,21.0,-20.0,-4.0,3.0,-2.0,0.0,2.0,0.0,-3.0,-1.0,4.0,0.0,-2.0,2.0,-3.0,5.0,-2.0,-3.0,3.0,0.0,-1.0,1267.0,0.0,0.0,0.0,1.0
2020-08-18,,7.0,1.0,-8.0,21.0,-15.0,-16.0,15.0,2.0,7.0,-20.0,4.0,7.0,-5.0,16.0,-17.0,17.0,-12.0,2.0,18.0,-26.0,1.0,7.0,-4.0,-5.0,6.0,-2.0,3.0,-3.0,11.0,-10.0,5.0,1.0,-4.0,-2.0,1.0,-3.0,1.0,4.0,1.0,-28.0,23.0,5.0,0.0,-6.0,-2.0,3.0,-1.0,1.0,3.0,-5.0,2.0,1.0,-4.0,4.0,-7.0,6.0,0.0,0.0,-3.0,5.0,3441.0,5.0,4.0,0.0,1.0
2020-08-19,,1.0,0.0,-1.0,48.0,-47.0,-9.0,8.0,-2.0,0.0,7.0,1.0,-4.0,1.0,-5.0,-1.0,-11.0,37.0,-21.0,-11.0,13.0,1.0,-7.0,5.0,11.0,-11.0,-1.0,-4.0,1.0,4.0,-4.0,0.0,0.0,0.0,2.0,3.0,-3.0,1.0,-2.0,-3.0,10.0,-8.0,-3.0,4.0,0.0,0.0,-2.0,3.0,2.0,-5.0,6.0,0.0,0.0,-1.0,-6.0,4.0,-3.0,6.0,-5.0,5.0,-5.0,3306.0,3.0,5.0,0.0,1.0
2020-08-20,,-1.0,-5.0,6.0,45.0,-41.0,1.0,-8.0,4.0,11.0,-4.0,-12.0,5.0,3.0,-7.0,5.0,-6.0,-17.0,13.0,11.0,-3.0,-2.0,2.0,-1.0,-6.0,4.0,1.0,1.0,1.0,1.0,3.0,-4.0,-3.0,14.0,-8.0,-8.0,7.0,-2.0,5.0,-9.0,0.0,5.0,-1.0,3.0,-4.0,3.0,1.0,-3.0,1.0,-1.0,-4.0,1.0,3.0,4.0,-3.0,2.0,-1.0,-4.0,6.0,-5.0,0.0,3186.0,3.0,2.0,1.0,1.0
2020-08-21,,10.0,4.0,-14.0,106.0,-103.0,1.0,0.0,-8.0,2.0,-8.0,17.0,-7.0,3.0,11.0,-13.0,4.0,-1.0,-2.0,16.0,-19.0,1.0,7.0,-2.0,-1.0,9.0,-4.0,-4.0,-4.0,-7.0,11.0,1.0,5.0,-13.0,1.0,7.0,0.0,-9.0,0.0,5.0,-2.0,-2.0,10.0,-6.0,0.0,-3.0,4.0,-1.0,-1.0,3.0,-1.0,-1.0,-2.0,-7.0,12.0,0.0,-5.0,1.0,-4.0,6.0,-2.0,4534.0,6.0,9.0,2.0,1.0
2020-08-22,,-18.0,3.0,15.0,-207.0,200.0,4.0,-1.0,5.0,-5.0,7.0,-14.0,21.0,-21.0,-12.0,23.0,-6.0,-3.0,4.0,-27.0,28.0,-2.0,-2.0,4.0,-16.0,7.0,5.0,3.0,3.0,-6.0,-1.0,0.0,-2.0,-4.0,10.0,-4.0,2.0,5.0,-3.0,3.0,-2.0,0.0,-4.0,-6.0,12.0,0.0,1.0,1.0,-5.0,1.0,2.0,-3.0,2.0,3.0,-3.0,-7.0,8.0,-1.0,3.0,-6.0,5.0,1275.0,1.0,1.0,0.0,0.0
2020-08-23,,0.0,-5.0,5.0,-26.0,19.0,0.0,1.0,2.0,-18.0,15.0,8.0,-14.0,9.0,-9.0,8.0,-1.0,3.0,2.0,-11.0,13.0,-2.0,-3.0,-2.0,6.0,-3.0,-2.0,2.0,1.0,-4.0,5.0,-4.0,1.0,7.0,-1.0,-3.0,-1.0,1.0,-6.0,5.0,3.0,0.0,-1.0,2.0,-2.0,1.0,-8.0,2.0,2.0,2.0,0.0,-1.0,-2.0,1.0,1.0,2.0,1.0,-2.0,-3.0,3.0,-1.0,667.0,1.0,1.0,0.0,0.0
2020-08-24,,11.0,-7.0,-4.0,35.0,-30.0,-5.0,5.0,-4.0,10.0,-5.0,-7.0,9.0,1.0,-6.0,1.0,0.0,7.0,-8.0,6.0,-1.0,-2.0,-5.0,4.0,-1.0,2.0,-4.0,6.0,-8.0,15.0,-17.0,7.0,-7.0,1.0,2.0,2.0,5.0,-7.0,2.0,-2.0,0.0,1.0,-3.0,2.0,-1.0,3.0,1.0,-5.0,5.0,-3.0,2.0,5.0,-8.0,6.0,-6.0,0.0,0.0,1.0,2.0,0.0,0.0,1407.0,3.0,4.0,-1.0,0.0
2020-08-25,,15.0,-5.0,-10.0,144.0,-132.0,5.0,-8.0,-3.0,7.0,-12.0,7.0,-10.0,9.0,15.0,-15.0,-4.0,-1.0,0.0,20.0,-24.0,9.0,7.0,-16.0,24.0,-16.0,-2.0,-1.0,-2.0,1.0,6.0,-4.0,1.0,5.0,-3.0,-6.0,-2.0,4.0,3.0,-3.0,1.0,3.0,-4.0,-1.0,-1.0,-1.0,1.0,5.0,-4.0,1.0,-3.0,-6.0,11.0,1.0,-6.0,5.0,-5.0,2.0,2.0,-7.0,4.0,4098.0,6.0,5.0,3.0,0.0
2020-08-26,,7.0,-3.0,-4.0,-68.0,71.0,-10.0,17.0,-4.0,-4.0,2.0,-1.0,-1.0,-11.0,15.0,-10.0,4.0,-5.0,9.0,-12.0,7.0,4.0,-2.0,1.0,-13.0,8.0,4.0,-10.0,13.0,-6.0,-1.0,-2.0,12.0,-11.0,-3.0,8.0,-2.0,1.0,-3.0,8.0,-2.0,-7.0,8.0,-2.0,1.0,-2.0,2.0,-2.0,5.0,-10.0,4.0,-1.0,6.0,-10.0,7.0,-3.0,2.0,1.0,-4.0,4.0,-4.0,3551.0,6.0,9.0,5.0,0.0
2020-08-27,,131.0,-118.0,-13.0,-7.0,-7.0,12.0,5.0,-10.0,8.0,-3.0,-2.0,-2.0,14.0,-21.0,11.0,7.0,-3.0,-7.0,10.0,-5.0,28.0,3.0,-29.0,-5.0,-1.0,1.0,9.0,-5.0,0.0,2.0,-4.0,-2.0,7.0,-4.0,2.0,2.0,-4.0,0.0,0.0,-3.0,3.0,1.0,-4.0,-1.0,2.0,-3.0,2.0,-2.0,8.0,-1.0,3.0,-12.0,2.0,1.0,2.0,1.0,-2.0,2.0,-1.0,2.0,3383.0,4.0,4.0,0.0,1.0
2020-08-28,,332.0,-41.0,-291.0,203.0,-194.0,3.0,-20.0,14.0,6.0,-14.0,6.0,0.0,-1.0,5.0,-1.0,-12.0,14.0,0.0,-3.0,-8.0,28.0,-9.0,-11.0,12.0,-14.0,-1.0,1.0,-6.0,4.0,0.0,4.0,-1.0,-5.0,0.0,4.0,-2.0,-2.0,0.0,-2.0,6.0,-1.0,-1.0,10.0,-12.0,6.0,-5.0,1.0,1.0,-6.0,1.0,1.0,2.0,8.0,-5.0,-3.0,1.0,1.0,0.0,1.0,-3.0,4555.0,3.0,4.0,4.0,0.0
2020-08-29,,-449.0,131.0,318.0,-268.0,259.0,-9.0,6.0,9.0,-24.0,30.0,-12.0,1.0,-5.0,-8.0,11.0,10.0,-14.0,5.0,-10.0,18.0,-64.0,8.0,46.0,-15.0,18.0,2.0,-1.0,7.0,-14.0,7.0,0.0,-4.0,0.0,8.0,-5.0,-4.0,10.0,1.0,-2.0,-3.0,0.0,-5.0,0.0,11.0,-6.0,5.0,-4.0,-5.0,10.0,-4.0,1.0,2.0,-9.0,8.0,1.0,-3.0,-1.0,-1.0,3.0,1.0,1166.0,0.0,3.0,0.0,0.0
2020-08-30,,-13.0,11.0,-732.0,1463.0,-729.0,2.0,-1.0,-12.0,2.0,5.0,3.0,0.0,0.0,0.0,1.0,-4.0,5.0,-3.0,-7.0,5.0,1.0,-1.0,3.0,4.0,-2.0,-1.0,-3.0,-3.0,1.0,4.0,3.0,-3.0,1.0,1.0,0.0,-1.0,-2.0,2.0,-2.0,3.0,-5.0,4.0,-3.0,4.0,-1.0,-1.0,1.0,3.0,-3.0,1.0,-3.0,-1.0,6.0,-4.0,0.0,1.0,2.0,-2.0,1.0,-3.0,940.0,1.0,1.0,0.0,0.0
2020-08-31,,270.0,-235.0,-209.0,589.0,-418.0,1.0,2.0,10.0,-6.0,-2.0,0.0,-2.0,1.0,3.0,-3.0,-2.0,5.0,1.0,3.0,-4.0,6.0,4.0,-12.0,0.0,0.0,2.0,-3.0,6.0,6.0,-11.0,-2.0,5.0,-1.0,-3.0,-2.0,10.0,-8.0,0.0,1.0,-3.0,7.0,-5.0,5.0,-5.0,0.0,4.0,2.0,-7.0,1.0,0.0,3.0,-2.0,0.0,1.0,-2.0,5.0,-6.0,4.0,-4.0,2.0,1524.0,0.0,1.0,0.0,1.0
2020-09-01,,797.0,241.0,175.0,-1509.0,312.0,-8.0,3.0,-5.0,24.0,-29.0,4.0,3.0,5.0,12.0,-16.0,-1.0,-10.0,0.0,25.0,-22.0,49.0,15.0,-57.0,8.0,-14.0,-1.0,4.0,-4.0,3.0,-2.0,0.0,3.0,-3.0,0.0,3.0,-4.0,1.0,-2.0,3.0,-2.0,-1.0,9.0,-3.0,-7.0,4.0,2.0,-7.0,11.0,-8.0,3.0,-2.0,0.0,-3.0,-1.0,1.0,1.0,2.0,0.0,1.0,0.0,4095.0,5.0,5.0,1.0,0.0
2020-09-02,,-1104.0,969.0,629.0,-214.0,-186.0,-94.0,13.0,-16.0,-8.0,15.0,-5.0,-1.0,1.0,-3.0,-4.0,6.0,4.0,-3.0,5.0,-4.0,-8.0,-6.0,15.0,-15.0,17.0,-1.0,4.0,-3.0,-8.0,6.0,1.0,-7.0,5.0,-1.0,1.0,-1.0,3.0,5.0,-9.0,1.0,2.0,-5.0,-2.0,7.0,-4.0,-2.0,6.0,-5.0,6.0,-7.0,2.0,1.0,7.0,-5.0,1.0,-4.0,4.0,2.0,-8.0,3.0,3665.0,5.0,3.0,2.0,2.0
2020-09-03,,0.0,-941.0,1292.0,-452.0,611.0,-373.0,-126.0,-15.0,-5.0,5.0,0.0,5.0,-1.0,-8.0,12.0,-4.0,-3.0,8.0,-22.0,17.0,-2.0,4.0,-7.0,13.0,-13.0,6.0,-10.0,9.0,7.0,-7.0,-2.0,0.0,2.0,1.0,1.0,-5.0,16.0,-14.0,0.0,19.0,-3.0,-16.0,-1.0,4.0,8.0,-9.0,-4.0,-2.0,2.0,4.0,2.0,-2.0,4.0,-4.0,0.0,1.0,-5.0,-3.0,9.0,-2.0,3634.0,2.0,4.0,3.0,0.0
2020-09-04,,0.0,0.0,-1150.0,2670.0,-1716.0,468.0,181.0,-212.0,-96.0,-147.0,13.0,-7.0,1.0,19.0,-27.0,6.0,2.0,-4.0,0.0,0.0,17.0,-3.0,-12.0,-1.0,1.0,-1.0,3.0,-10.0,7.0,-7.0,6.0,2.0,6.0,-9.0,6.0,-8.0,-10.0,12.0,3.0,-20.0,4.0,15.0,1.0,-5.0,-1.0,0.0,3.0,7.0,-4.0,0.0,-1.0,-2.0,-9.0,8.0,4.0,-8.0,7.0,2.0,-4.0,-1.0,4995.0,1.0,3.0,0.0,2.0
2020-09-05,,0.0,0.0,0.0,-1558.0,1339.0,-83.0,-151.0,218.0,108.0,126.0,-8.0,-3.0,0.0,-21.0,29.0,-2.0,-4.0,3.0,-13.0,19.0,-65.0,-17.0,75.0,-9.0,13.0,-7.0,1.0,8.0,-10.0,13.0,-6.0,0.0,-7.0,10.0,-11.0,9.0,2.0,-8.0,3.0,2.0,-2.0,1.0,-1.0,5.0,-7.0,8.0,-2.0,-7.0,5.0,3.0,-6.0,9.0,-4.0,3.0,-5.0,6.0,-3.0,-5.0,7.0,0.0,1633.0,3.0,2.0,0.0,0.0
2020-09-06,,0.0,0.0,0.0,-475.0,551.0,-161.0,72.0,2.0,-2.0,14.0,-4.0,0.0,-1.0,-3.0,6.0,-1.0,-1.0,1.0,-2.0,2.0,-2.0,2.0,-1.0,-2.0,3.0,1.0,4.0,-4.0,-4.0,6.0,-1.0,-1.0,0.0,1.0,-3.0,3.0,-4.0,4.0,1.0,-1.0,-1.0,0.0,4.0,0.0,-4.0,-1.0,1.0,1.0,1.0,-5.0,7.0,-6.0,0.0,2.0,1.0,-2.0,0.0,3.0,-3.0,1.0,1043.0,1.0,0.0,0.0,0.0
2020-09-07,,0.0,0.0,0.0,-560.0,1049.0,-282.0,103.0,-221.0,-3.0,-84.0,2.0,3.0,-7.0,15.0,-6.0,-8.0,6.0,-6.0,12.0,-15.0,7.0,9.0,-10.0,-1.0,-3.0,4.0,-3.0,-2.0,2.0,-5.0,7.0,0.0,-4.0,0.0,7.0,-5.0,1.0,6.0,-6.0,1.0,-1.0,1.0,-2.0,-1.0,6.0,-5.0,3.0,-2.0,-2.0,4.0,4.0,-5.0,1.0,-4.0,1.0,0.0,1.0,-3.0,0.0,2.0,1812.0,6.0,2.0,1.0,0.0
2020-09-08,,0.0,0.0,0.0,0.0,-774.0,1924.0,-319.0,-457.0,578.0,-883.0,-66.0,7.0,-3.0,13.0,-20.0,8.0,-1.0,-1.0,10.0,-11.0,83.0,-11.0,-73.0,5.0,-8.0,0.0,0.0,1.0,15.0,-12.0,-1.0,1.0,3.0,-2.0,0.0,2.0,-7.0,10.0,-8.0,-4.0,7.0,-3.0,-1.0,-5.0,1.0,5.0,-2.0,9.0,-9.0,1.0,-10.0,7.0,0.0,4.0,1.0,-5.0,2.0,1.0,0.0,1.0,4784.0,3.0,6.0,0.0,1.0
2020-09-09,,0.0,0.0,0.0,0.0,0.0,-1390.0,1455.0,725.0,-614.0,134.0,-274.0,-19.0,-8.0,-20.0,15.0,-8.0,3.0,0.0,-7.0,18.0,-41.0,11.0,22.0,2.0,0.0,3.0,-3.0,-5.0,-9.0,10.0,1.0,0.0,1.0,-7.0,0.0,1.0,6.0,-13.0,11.0,2.0,-7.0,2.0,1.0,4.0,7.0,6.0,-18.0,-2.0,8.0,-2.0,8.0,-8.0,4.0,-4.0,-4.0,12.0,-8.0,5.0,-5.0,-5.0,4775.0,0.0,1.0,1.0,1.0
2020-09-10,,0.0,0.0,0.0,0.0,0.0,0.0,-1236.0,952.0,910.0,-488.0,310.0,-428.0,-17.0,5.0,-11.0,4.0,-2.0,6.0,3.0,-14.0,41.0,5.0,-38.0,-5.0,2.0,-1.0,-3.0,10.0,5.0,-9.0,-7.0,3.0,-4.0,6.0,1.0,-1.0,2.0,2.0,-7.0,8.0,-2.0,1.0,0.0,-4.0,-11.0,0.0,17.0,-8.0,5.0,-3.0,-8.0,13.0,-6.0,0.0,3.0,-7.0,6.0,0.0,0.0,0.0,4534.0,0.0,5.0,1.0,0.0
2020-09-11,,0.0,0.0,0.0,0.0,0.0,0.0,0.0,-974.0,2293.0,-1355.0,-96.0,745.0,-40.0,-533.0,-36.0,2.0,-1.0,-6.0,6.0,-11.0,8.0,2.0,-4.0,2.0,5.0,3.0,-7.0,0.0,-10.0,5.0,11.0,-8.0,11.0,-8.0,0.0,0.0,-1.0,-3.0,4.0,-5.0,3.0,3.0,-6.0,2.0,0.0,3.0,-2.0,9.0,-15.0,4.0,3.0,-7.0,4.0,-1.0,2.0,0.0,3.0,-6.0,2.0,3.0,6034.0,2.0,0.0,1.0,2.0
2020-09-12,,0.0,0.0,0.0,0.0,0.0,0.0,0.0,0.0,-1833.0,1605.0,-79.0,-252.0,4.0,496.0,48.0,2.0,-6.0,7.0,-20.0,26.0,-92.0,-18.0,102.0,-1.0,0.0,-7.0,13.0,-5.0,6.0,2.0,-9.0,5.0,-4.0,8.0,-8.0,8.0,-6.0,-4.0,9.0,-4.0,2.0,-5.0,5.0,4.0,-1.0,-8.0,4.0,-8.0,11.0,0.0,-3.0,5.0,-3.0,4.0,-2.0,-1.0,-5.0,4.0,2.0,-1.0,1984.0,1.0,2.0,1.0,0.0
2020-09-13,,0.0,0.0,0.0,0.0,0.0,0.0,0.0,0.0,-648.0,819.0,-191.0,-10.0,-5.0,45.0,-8.0,-6.0,3.0,-1.0,3.0,0.0,-6.0,4.0,0.0,-1.0,4.0,-1.0,1.0,-2.0,-2.0,2.0,-2.0,3.0,-5.0,5.0,0.0,-7.0,4.0,5.0,-5.0,4.0,0.0,-3.0,2.0,-2.0,1.0,1.0,-3.0,5.0,-2.0,-4.0,6.0,-3.0,0.0,2.0,-4.0,1.0,3.0,-4.0,2.0,2.0,1414.0,2.0,1.0,1.0,0.0
2020-09-14,,0.0,0.0,0.0,0.0,0.0,0.0,0.0,0.0,-705.0,1184.0,-94.0,-164.0,59.0,-143.0,-136.0,7.0,-4.0,-2.0,-1.0,0.0,4.0,-3.0,0.0,2.0,-2.0,7.0,-13.0,9.0,-4.0,2.0,-1.0,0.0,7.0,-10.0,4.0,2.0,-3.0,1.0,-2.0,0.0,-2.0,4.0,-5.0,2.0,4.0,-8.0,5.0,2.0,-2.0,1.0,-2.0,-1.0,0.0,-1.0,4.0,-2.0,1.0,-1.0,1.0,-5.0,2295.0,3.0,0.0,1.0,0.0
2020-09-15,,0.0,0.0,0.0,0.0,0.0,0.0,0.0,0.0,0.0,-912.0,1993.0,180.0,-726.0,672.0,-1149.0,-50.0,11.0,8.0,8.0,-27.0,26.0,10.0,-35.0,1.0,-4.0,-12.0,11.0,-6.0,27.0,-27.0,10.0,-7.0,2.0,-4.0,8.0,-8.0,-1.0,6.0,-3.0,1.0,3.0,-5.0,15.0,-15.0,8.0,-1.0,-1.0,0.0,-8.0,3.0,3.0,-1.0,2.0,-3.0,5.0,-5.0,-3.0,10.0,-9.0,5.0,5873.0,3.0,2.0,1.0,1.0
2020-09-16,,0.0,0.0,0.0,0.0,0.0,0.0,0.0,0.0,0.0,0.0,-1501.0,1241.0,741.0,-264.0,400.0,-622.0,62.0,-67.0,12.0,-3.0,-24.0,-8.0,33.0,2.0,-11.0,9.0,-1.0,1.0,-14.0,19.0,-13.0,8.0,-4.0,10.0,-9.0,9.0,0.0,-12.0,5.0,-1.0,-2.0,9.0,-20.0,14.0,-5.0,1.0,7.0,-8.0,8.0,-1.0,-3.0,6.0,-5.0,-2.0,-1.0,21.0,-16.0,-1.0,-3.0,3.0,5378.0,2.0,7.0,4.0,3.0
2020-09-17,,0.0,0.0,0.0,0.0,0.0,0.0,0.0,0.0,0.0,0.0,0.0,-1301.0,1209.0,691.0,-841.0,891.0,-490.0,-158.0,65.0,-65.0,4.0,-5.0,-1.0,-8.0,14.0,-1.0,-1.0,3.0,-1.0,-7.0,3.0,3.0,-1.0,-5.0,0.0,-7.0,7.0,8.0,-1.0,0.0,0.0,-7.0,9.0,-6.0,1.0,-2.0,-3.0,5.0,-5.0,4.0,-1.0,-5.0,10.0,-3.0,1.0,-20.0,16.0,-6.0,9.0,-7.0,5236.0,4.0,2.0,1.0,0.0
2020-09-18,,0.0,0.0,0.0,0.0,0.0,0.0,0.0,0.0,0.0,0.0,0.0,0.0,-1212.0,1985.0,-377.0,-148.0,659.0,-519.0,-190.0,-188.0,-2.0,-15.0,11.0,15.0,-18.0,-2.0,5.0,-3.0,-5.0,16.0,-6.0,-10.0,-4.0,7.0,1.0,7.0,-1.0,-2.0,-4.0,0.0,4.0,-3.0,-2.0,1.0,-1.0,18.0,-17.0,10.0,-6.0,0.0,0.0,-3.0,-3.0,3.0,-7.0,8.0,-1.0,5.0,-5.0,-2.0,7032.0,8.0,5.0,1.0,1.0
2020-09-19,,0.0,0.0,0.0,0.0,0.0,0.0,0.0,0.0,0.0,0.0,0.0,0.0,0.0,-1937.0,1277.0,-120.0,-257.0,663.0,163.0,196.0,-3.0,15.0,-5.0,-17.0,19.0,0.0,4.0,-9.0,-4.0,-2.0,11.0,1.0,-1.0,4.0,-4.0,-4.0,0.0,2.0,2.0,-1.0,-5.0,8.0,1.0,2.0,-5.0,-13.0,12.0,-11.0,16.0,-6.0,-1.0,4.0,-1.0,5.0,0.0,-1.0,0.0,-8.0,7.0,3.0,1718.0,1.0,0.0,1.0,0.0
2020-09-20,,0.0,0.0,0.0,0.0,0.0,0.0,0.0,0.0,0.0,0.0,0.0,0.0,0.0,-409.0,426.0,-109.0,35.0,48.0,-41.0,55.0,-10.0,5.0,-4.0,9.0,-1.0,-4.0,-6.0,7.0,-4.0,2.0,1.0,-2.0,5.0,-6.0,0.0,3.0,1.0,-9.0,7.0,-1.0,3.0,-3.0,-2.0,5.0,-2.0,2.0,-1.0,-2.0,0.0,0.0,1.0,2.0,-3.0,-2.0,1.0,2.0,1.0,1.0,-1.0,0.0,1078.0,1.0,0.0,0.0,0.0
2020-09-21,,0.0,0.0,0.0,0.0,0.0,0.0,0.0,0.0,0.0,0.0,0.0,0.0,0.0,-620.0,1184.0,-270.0,-72.0,-166.0,350.0,-392.0,-10.0,-3.0,3.0,7.0,-9.0,1.0,3.0,-4.0,2.0,5.0,-10.0,10.0,-3.0,-2.0,2.0,-2.0,3.0,1.0,-6.0,3.0,2.0,-5.0,-1.0,-1.0,6.0,-2.0,-3.0,8.0,-7.0,2.0,0.0,-1.0,5.0,-5.0,0.0,-3.0,-1.0,1.0,4.0,-1.0,2176.0,4.0,3.0,2.0,0.0
2020-09-22,,0.0,0.0,0.0,0.0,0.0,0.0,0.0,0.0,0.0,0.0,0.0,0.0,0.0,0.0,-757.0,1436.0,-178.0,73.0,1021.0,-1569.0,-5.0,-9.0,-2.0,6.0,-19.0,22.0,-13.0,-7.0,17.0,-24.0,13.0,-3.0,13.0,-15.0,5.0,2.0,-6.0,4.0,3.0,-4.0,-11.0,11.0,4.0,-9.0,1.0,-2.0,8.0,-4.0,1.0,-3.0,0.0,6.0,-11.0,10.0,-5.0,6.0,-3.0,6.0,-11.0,5.0,4976.0,7.0,5.0,2.0,1.0
2020-09-23,,0.0,0.0,0.0,0.0,0.0,0.0,0.0,0.0,0.0,0.0,0.0,0.0,0.0,0.0,0.0,-1011.0,1063.0,-119.0,439.0,-168.0,-182.0,-4.0,-19.0,-6.0,14.0,-4.0,-1.0,10.0,-21.0,14.0,-7.0,4.0,-17.0,16.0,0.0,1.0,-5.0,5.0,-5.0,-2.0,4.0,0.0,-2.0,3.0,-4.0,9.0,-6.0,2.0,-1.0,3.0,1.0,-4.0,5.0,-11.0,8.0,-1.0,0.0,-5.0,7.0,-9.0,4558.0,2.0,9.0,5.0,0.0
2020-09-24,,0.0,0.0,0.0,0.0,0.0,0.0,0.0,0.0,0.0,0.0,0.0,0.0,0.0,0.0,0.0,0.0,-828.0,1021.0,-166.0,208.0,-196.0,-61.0,24.0,-15.0,12.0,-4.0,3.0,-2.0,10.0,-7.0,6.0,0.0,-2.0,-1.0,-7.0,38.0,-38.0,-2.0,1.0,9.0,0.0,-1.0,2.0,-4.0,0.0,1.0,-1.0,-8.0,5.0,-2.0,4.0,-2.0,12.0,-7.0,-2.0,-6.0,5.0,-1.0,2.0,1.0,4207.0,5.0,4.0,1.0,1.0
2020-09-25,,0.0,0.0,0.0,0.0,0.0,0.0,0.0,0.0,0.0,0.0,0.0,0.0,0.0,0.0,0.0,0.0,0.0,-782.0,1406.0,-452.0,321.0,-373.0,-91.0,0.0,-22.0,-13.0,10.0,-6.0,4.0,6.0,-10.0,-6.0,5.0,1.0,6.0,240.0,-233.0,-3.0,-7.0,-2.0,0.0,1.0,5.0,-3.0,8.0,-11.0,7.0,3.0,-8.0,6.0,-9.0,1.0,-11.0,15.0,-3.0,1.0,-2.0,4.0,-3.0,2.0,5185.0,2.0,8.0,2.0,1.0
2020-09-26,,0.0,0.0,0.0,0.0,0.0,0.0,0.0,0.0,0.0,0.0,0.0,0.0,0.0,0.0,0.0,0.0,0.0,0.0,-2309.0,1857.0,-3.0,398.0,16.0,19.0,5.0,6.0,8.0,-4.0,0.0,0.0,2.0,-2.0,6.0,-4.0,-5.0,-279.0,279.0,0.0,11.0,-7.0,2.0,-4.0,-4.0,11.0,-9.0,3.0,-2.0,-5.0,12.0,1.0,-2.0,-1.0,-1.0,1.0,0.0,3.0,-1.0,0.0,-3.0,4.0,1350.0,0.0,0.0,0.0,1.0
2020-09-27,,0.0,0.0,0.0,0.0,0.0,0.0,0.0,0.0,0.0,0.0,0.0,0.0,0.0,0.0,0.0,0.0,0.0,0.0,-312.0,338.0,-106.0,26.0,50.0,-2.0,8.0,-3.0,1.0,0.0,-9.0,2.0,12.0,-4.0,-5.0,3.0,1.0,-1.0,0.0,-2.0,1.0,4.0,0.0,-2.0,-5.0,4.0,-1.0,4.0,-4.0,3.0,-2.0,-7.0,7.0,0.0,3.0,-5.0,2.0,-1.0,3.0,-4.0,4.0,-2.0,879.0,2.0,0.0,0.0,0.0
2020-09-28,,0.0,0.0,0.0,0.0,0.0,0.0,0.0,0.0,0.0,0.0,0.0,0.0,0.0,0.0,0.0,0.0,0.0,0.0,-457.0,696.0,35.0,67.0,-73.0,-202.0,-53.0,-10.0,-12.0,15.0,14.0,-15.0,-4.0,-1.0,1.0,2.0,2.0,-3.0,-1.0,1.0,1.0,-3.0,4.0,-2.0,5.0,-7.0,2.0,-4.0,3.0,5.0,-5.0,2.0,-2.0,5.0,-4.0,-1.0,1.0,-1.0,-1.0,0.0,0.0,2.0,1703.0,4.0,3.0,1.0,0.0
2020-09-29,,0.0,0.0,0.0,0.0,0.0,0.0,0.0,0.0,0.0,0.0,0.0,0.0,0.0,0.0,0.0,0.0,0.0,0.0,0.0,-476.0,1358.0,-38.0,-249.0,-379.0,-137.0,-57.0,-12.0,-4.0,-1.0,1.0,-8.0,8.0,3.0,-2.0,1.0,72.0,-75.0,4.0,-6.0,5.0,-4.0,-1.0,4.0,-5.0,1.0,2.0,-5.0,0.0,1.0,0.0,2.0,-1.0,1.0,0.0,2.0,-3.0,-1.0,1.0,1.0,-4.0,4078.0,1.0,8.0,0.0,0.0
2020-09-30,,0.0,0.0,0.0,0.0,0.0,0.0,0.0,0.0,0.0,0.0,0.0,0.0,0.0,0.0,0.0,0.0,0.0,0.0,0.0,0.0,-1205.0,947.0,398.0,453.0,-537.0,-58.0,5.0,3.0,36.0,-44.0,1.0,6.0,-16.0,2.0,9.0,-9.0,4.0,0.0,2.0,4.0,0.0,-1.0,-3.0,2.0,-3.0,6.0,1.0,-1.0,0.0,-3.0,-2.0,-6.0,10.0,0.0,-4.0,4.0,3.0,-1.0,-5.0,3.0,3407.0,4.0,7.0,1.0,3.0
2020-10-01,,0.0,0.0,0.0,0.0,0.0,0.0,0.0,0.0,0.0,0.0,0.0,0.0,0.0,0.0,0.0,0.0,0.0,0.0,0.0,0.0,0.0,-952.0,952.0,264.0,-244.0,-13.0,4.0,-8.0,45.0,-45.0,5.0,-5.0,4.0,-4.0,-7.0,46.0,-38.0,-1.0,-1.0,-5.0,-3.0,6.0,2.0,-1.0,1.0,-3.0,3.0,-6.0,3.0,8.0,-6.0,4.0,-4.0,-2.0,3.0,-4.0,-3.0,8.0,-3.0,-1.0,2883.0,5.0,2.0,1.0,1.0
2020-10-02,,0.0,0.0,0.0,0.0,0.0,0.0,0.0,0.0,0.0,0.0,0.0,0.0,0.0,0.0,0.0,0.0,0.0,0.0,0.0,0.0,0.0,0.0,-1005.0,2374.0,-1230.0,-70.0,-58.0,5.0,17.0,-32.0,2.0,12.0,-25.0,16.0,-6.0,57.0,-37.0,-21.0,4.0,-4.0,2.0,4.0,-4.0,-1.0,6.0,13.0,-11.0,14.0,-20.0,-3.0,6.0,-6.0,-2.0,0.0,1.0,1.0,4.0,-4.0,4.0,-1.0,3664.0,3.0,7.0,3.0,2.0
2020-10-03,,0.0,0.0,0.0,0.0,0.0,0.0,0.0,0.0,0.0,0.0,0.0,0.0,0.0,0.0,0.0,0.0,0.0,0.0,0.0,0.0,0.0,0.0,0.0,-1889.0,1646.0,237.0,-22.0,5.0,-103.0,115.0,3.0,-22.0,34.0,-12.0,0.0,-165.0,147.0,16.0,0.0,5.0,2.0,-8.0,-2.0,12.0,-7.0,-19.0,14.0,-12.0,20.0,-3.0,1.0,4.0,-2.0,6.0,-4.0,1.0,-2.0,-3.0,3.0,0.0,922.0,2.0,1.0,1.0,0.0
2020-10-04,,0.0,0.0,0.0,0.0,0.0,0.0,0.0,0.0,0.0,0.0,0.0,0.0,0.0,0.0,0.0,0.0,0.0,0.0,0.0,0.0,0.0,0.0,0.0,-475.0,499.0,-56.0,46.0,-4.0,-9.0,2.0,-5.0,2.0,-1.0,2.0,-2.0,2.0,-2.0,0.0,3.0,-4.0,-1.0,3.0,0.0,0.0,-3.0,5.0,-4.0,2.0,1.0,-2.0,0.0,0.0,1.0,-2.0,2.0,0.0,1.0,-3.0,1.0,1.0,447.0,0.0,1.0,1.0,0.0
2020-10-05,,0.0,0.0,0.0,0.0,0.0,0.0,0.0,0.0,0.0,0.0,0.0,0.0,0.0,0.0,0.0,0.0,0.0,0.0,0.0,0.0,0.0,0.0,0.0,-162.0,1291.0,-993.0,-11.0,-70.0,118.0,-164.0,10.0,11.0,-13.0,-10.0,1.0,-2.0,6.0,2.0,-15.0,2.0,1.0,7.0,-5.0,-4.0,1.0,0.0,-1.0,6.0,-7.0,3.0,3.0,-1.0,4.0,-5.0,1.0,-1.0,-4.0,4.0,3.0,3.0,2085.0,4.0,3.0,1.0,0.0
2020-10-06,,0.0,0.0,0.0,0.0,0.0,0.0,0.0,0.0,0.0,0.0,0.0,0.0,0.0,0.0,0.0,0.0,0.0,0.0,0.0,0.0,0.0,0.0,0.0,0.0,-1220.0,2764.0,-1212.0,-331.0,155.0,-141.0,-17.0,20.0,-13.0,-2.0,4.0,19.0,-25.0,-6.0,12.0,5.0,-5.0,-8.0,4.0,-4.0,11.0,-4.0,1.0,-6.0,2.0,15.0,-12.0,-7.0,-5.0,8.0,-2.0,1.0,0.0,1.0,-6.0,-1.0,3055.0,4.0,5.0,1.0,0.0
2020-10-07,,0.0,0.0,0.0,0.0,0.0,0.0,0.0,0.0,0.0,0.0,0.0,0.0,0.0,0.0,0.0,0.0,0.0,0.0,0.0,0.0,0.0,0.0,0.0,0.0,0.0,-1746.0,2998.0,-1091.0,-84.0,-50.0,-11.0,-12.0,7.0,-4.0,-5.0,-12.0,14.0,-2.0,-6.0,-7.0,9.0,-2.0,6.0,-2.0,-4.0,1.0,-3.0,6.0,-1.0,-13.0,8.0,11.0,0.0,-6.0,1.0,1.0,-2.0,4.0,-2.0,-5.0,2817.0,3.0,4.0,2.0,0.0
2020-10-08,,0.0,0.0,0.0,0.0,0.0,0.0,0.0,0.0,0.0,0.0,0.0,0.0,0.0,0.0,0.0,0.0,0.0,0.0,0.0,0.0,0.0,0.0,0.0,0.0,0.0,0.0,-1737.0,2922.0,-867.0,-247.0,-50.0,-7.0,-14.0,-2.0,8.0,-7.0,1.0,5.0,-5.0,7.0,-9.0,3.0,1.0,-1.0,1.0,3.0,-1.0,-3.0,3.0,-3.0,4.0,-7.0,1.0,0.0,2.0,1.0,1.0,-7.0,2.0,3.0,2713.0,1.0,3.0,1.0,1.0
2020-10-09,,0.0,0.0,0.0,0.0,0.0,0.0,0.0,0.0,0.0,0.0,0.0,0.0,0.0,0.0,0.0,0.0,0.0,0.0,0.0,0.0,0.0,0.0,0.0,0.0,0.0,0.0,0.0,-1428.0,2808.0,-1336.0,58.0,-112.0,52.0,-47.0,5.0,11.0,-11.0,9.0,-7.0,6.0,-3.0,6.0,-14.0,3.0,-2.0,-9.0,11.0,1.0,-4.0,3.0,-5.0,0.0,10.0,-5.0,0.0,-4.0,3.0,0.0,6.0,-1.0,2864.0,4.0,5.0,1.0,1.0
2020-10-10,,0.0,0.0,0.0,0.0,0.0,0.0,0.0,0.0,0.0,0.0,0.0,0.0,0.0,0.0,0.0,0.0,0.0,0.0,0.0,0.0,0.0,0.0,0.0,0.0,0.0,0.0,0.0,0.0,-1705.0,1595.0,1.0,57.0,-13.0,54.0,-10.0,-9.0,18.0,-7.0,18.0,-14.0,7.0,-8.0,10.0,5.0,-5.0,8.0,-6.0,-4.0,5.0,-3.0,1.0,6.0,-11.0,11.0,-5.0,3.0,-2.0,1.0,-4.0,2.0,629.0,1.0,0.0,2.0,1.0
2020-10-11,,0.0,0.0,0.0,0.0,0.0,0.0,0.0,0.0,0.0,0.0,0.0,0.0,0.0,0.0,0.0,0.0,0.0,0.0,0.0,0.0,0.0,0.0,0.0,0.0,0.0,0.0,0.0,0.0,-83.0,78.0,6.0,-2.0,-4.0,8.0,-3.0,0.0,-2.0,1.0,-2.0,4.0,-1.0,5.0,-4.0,-1.0,0.0,-1.0,2.0,-1.0,0.0,-1.0,4.0,-3.0,0.0,-3.0,4.0,-3.0,3.0,0.0,-1.0,0.0,536.0,1.0,0.0,0.0,0.0
2020-10-12,,0.0,0.0,0.0,0.0,0.0,0.0,0.0,0.0,0.0,0.0,0.0,0.0,0.0,0.0,0.0,0.0,0.0,0.0,0.0,0.0,0.0,0.0,0.0,0.0,0.0,0.0,0.0,0.0,-38.0,25.0,26.0,4.0,-4.0,-13.0,1.0,-2.0,1.0,1.0,-1.0,1.0,-3.0,-1.0,0.0,6.0,-3.0,2.0,-4.0,0.0,2.0,1.0,-2.0,2.0,-3.0,1.0,-2.0,3.0,0.0,-2.0,2.0,0.0,517.0,0.0,0.0,0.0,0.0
2020-10-13,,0.0,0.0,0.0,0.0,0.0,0.0,0.0,0.0,0.0,0.0,0.0,0.0,0.0,0.0,0.0,0.0,0.0,0.0,0.0,0.0,0.0,0.0,0.0,0.0,0.0,0.0,0.0,0.0,-309.0,1868.0,-1462.0,114.0,8.0,-202.0,31.0,-3.0,-21.0,3.0,-24.0,4.0,1.0,5.0,-1.0,-12.0,6.0,7.0,-5.0,3.0,-8.0,1.0,-2.0,-4.0,12.0,-8.0,0.0,2.0,-1.0,5.0,-5.0,-1.0,2576.0,2.0,5.0,1.0,1.0
2020-10-14,,0.0,0.0,0.0,0.0,0.0,0.0,0.0,0.0,0.0,0.0,0.0,0.0,0.0,0.0,0.0,0.0,0.0,0.0,0.0,0.0,0.0,0.0,0.0,0.0,0.0,0.0,0.0,0.0,0.0,-1602.0,3069.0,-1255.0,-235.0,49.0,-17.0,-5.0,-1.0,12.0,2.0,-12.0,-3.0,-7.0,8.0,-4.0,-2.0,-3.0,3.0,3.0,4.0,-2.0,0.0,-3.0,-7.0,6.0,12.0,-10.0,-2.0,-2.0,2.0,2.0,2702.0,4.0,3.0,1.0,1.0
2020-10-15,,0.0,0.0,0.0,0.0,0.0,0.0,0.0,0.0,0.0,0.0,0.0,0.0,0.0,0.0,0.0,0.0,0.0,0.0,0.0,0.0,0.0,0.0,0.0,0.0,0.0,0.0,0.0,0.0,0.0,0.0,-1633.0,2735.0,-918.0,-133.0,-34.0,-4.0,-6.0,-8.0,-7.0,8.0,3.0,0.0,0.0,-4.0,3.0,-1.0,1.0,-3.0,-3.0,6.0,-3.0,6.0,-3.0,5.0,-15.0,10.0,2.0,0.0,-2.0,-2.0,2457.0,5.0,3.0,2.0,0.0
2020-10-16,,0.0,0.0,0.0,0.0,0.0,0.0,0.0,0.0,0.0,0.0,0.0,0.0,0.0,0.0,0.0,0.0,0.0,0.0,0.0,0.0,0.0,0.0,0.0,0.0,0.0,0.0,0.0,0.0,0.0,0.0,0.0,-1548.0,3031.0,-1339.0,-100.0,-51.0,19.0,12.0,-15.0,-2.0,-3.0,-2.0,-3.0,1.0,5.0,-5.0,-1.0,8.0,-8.0,4.0,2.0,-6.0,7.0,-9.0,6.0,-3.0,-4.0,5.0,1.0,5.0,2652.0,3.0,11.0,4.0,0.0
2020-10-17,,0.0,0.0,0.0,0.0,0.0,0.0,0.0,0.0,0.0,0.0,0.0,0.0,0.0,0.0,0.0,0.0,0.0,0.0,0.0,0.0,0.0,0.0,0.0,0.0,0.0,0.0,0.0,0.0,0.0,0.0,0.0,0.0,-1506.0,1326.0,105.0,28.0,17.0,-30.0,41.0,0.0,11.0,-4.0,-2.0,13.0,-1.0,-6.0,3.0,-7.0,11.0,-10.0,4.0,6.0,-3.0,1.0,0.0,0.0,3.0,-2.0,-1.0,-5.0,622.0,3.0,3.0,1.0,1.0
2020-10-18,,0.0,0.0,0.0,0.0,0.0,0.0,0.0,0.0,0.0,0.0,0.0,0.0,0.0,0.0,0.0,0.0,0.0,0.0,0.0,0.0,0.0,0.0,0.0,0.0,0.0,0.0,0.0,0.0,0.0,0.0,0.0,0.0,-148.0,104.0,60.0,-12.0,-15.0,7.0,4.0,3.0,-9.0,10.0,0.0,-4.0,-5.0,6.0,-1.0,1.0,0.0,3.0,-2.0,-5.0,-1.0,3.0,3.0,-3.0,2.0,-6.0,7.0,-2.0,429.0,2.0,1.0,2.0,1.0
2020-10-19,,0.0,0.0,0.0,0.0,0.0,0.0,0.0,0.0,0.0,0.0,0.0,0.0,0.0,0.0,0.0,0.0,0.0,0.0,0.0,0.0,0.0,0.0,0.0,0.0,0.0,0.0,0.0,0.0,0.0,0.0,0.0,0.0,-232.0,1133.0,-335.0,-390.0,-56.0,-36.0,-70.0,7.0,8.0,-22.0,7.0,-10.0,0.0,9.0,-9.0,-3.0,0.0,1.0,-3.0,7.0,0.0,1.0,-11.0,4.0,3.0,6.0,-9.0,2.0,2181.0,3.0,3.0,3.0,3.0
2020-10-20,,0.0,0.0,0.0,0.0,0.0,0.0,0.0,0.0,0.0,0.0,0.0,0.0,0.0,0.0,0.0,0.0,0.0,0.0,0.0,0.0,0.0,0.0,0.0,0.0,0.0,0.0,0.0,0.0,0.0,0.0,0.0,0.0,0.0,-920.0,1867.0,-935.0,32.0,7.0,-27.0,-1.0,-8.0,0.0,6.0,-20.0,5.0,-7.0,14.0,-1.0,-5.0,-4.0,9.0,-12.0,-4.0,8.0,-1.0,0.0,-6.0,3.0,5.0,-5.0,2479.0,4.0,4.0,0.0,3.0
2020-10-21,,0.0,0.0,0.0,0.0,0.0,0.0,0.0,0.0,0.0,0.0,0.0,0.0,0.0,0.0,0.0,0.0,0.0,0.0,0.0,0.0,0.0,0.0,0.0,0.0,0.0,0.0,0.0,0.0,0.0,0.0,0.0,0.0,0.0,0.0,-1576.0,2880.0,-1289.0,84.0,-83.0,-22.0,24.0,-15.0,-10.0,4.0,1.0,-5.0,4.0,2.0,-4.0,5.0,-4.0,0.0,6.0,-6.0,5.0,3.0,-3.0,-4.0,-5.0,9.0,2306.0,4.0,6.0,4.0,6.0
2020-10-22,,0.0,0.0,0.0,0.0,0.0,0.0,0.0,0.0,0.0,0.0,0.0,0.0,0.0,0.0,0.0,0.0,0.0,0.0,0.0,0.0,0.0,0.0,0.0,0.0,0.0,0.0,0.0,0.0,0.0,0.0,0.0,0.0,0.0,0.0,0.0,-1506.0,2679.0,-1246.0,171.0,-69.0,-8.0,-23.0,-1.0,4.0,27.0,-13.0,-6.0,-1.0,-10.0,8.0,-2.0,1.0,1.0,-10.0,2.0,0.0,3.0,-1.0,4.0,-6.0,2127.0,8.0,5.0,1.0,7.0
2020-10-23,,0.0,0.0,0.0,0.0,0.0,0.0,0.0,0.0,0.0,0.0,0.0,0.0,0.0,0.0,0.0,0.0,0.0,0.0,0.0,0.0,0.0,0.0,0.0,0.0,0.0,0.0,0.0,0.0,0.0,0.0,0.0,0.0,0.0,0.0,0.0,0.0,-1360.0,2824.0,-1509.0,161.0,-132.0,31.0,-2.0,-13.0,14.0,-15.0,3.0,-1.0,3.0,-13.0,2.0,17.0,-14.0,9.0,-1.0,-8.0,3.0,4.0,-7.0,8.0,2319.0,3.0,5.0,5.0,5.0
2020-10-24,,0.0,0.0,0.0,0.0,0.0,0.0,0.0,0.0,0.0,0.0,0.0,0.0,0.0,0.0,0.0,0.0,0.0,0.0,0.0,0.0,0.0,0.0,0.0,0.0,0.0,0.0,0.0,0.0,0.0,0.0,0.0,0.0,0.0,0.0,0.0,0.0,0.0,-1319.0,1236.0,-47.0,82.0,9.0,3.0,36.0,-38.0,19.0,-4.0,1.0,15.0,5.0,-2.0,-8.0,9.0,-1.0,-4.0,8.0,-3.0,-6.0,9.0,-5.0,514.0,0.0,1.0,1.0,4.0
2020-10-25,,0.0,0.0,0.0,0.0,0.0,0.0,0.0,0.0,0.0,0.0,0.0,0.0,0.0,0.0,0.0,0.0,0.0,0.0,0.0,0.0,0.0,0.0,0.0,0.0,0.0,0.0,0.0,0.0,0.0,0.0,0.0,0.0,0.0,0.0,0.0,0.0,0.0,-90.0,89.0,4.0,-14.0,18.0,-6.0,-2.0,-13.0,21.0,-4.0,-5.0,4.0,-4.0,7.0,-4.0,2.0,-3.0,2.0,-1.0,2.0,5.0,-6.0,-3.0,439.0,4.0,1.0,4.0,9.0
2020-10-26,,0.0,0.0,0.0,0.0,0.0,0.0,0.0,0.0,0.0,0.0,0.0,0.0,0.0,0.0,0.0,0.0,0.0,0.0,0.0,0.0,0.0,0.0,0.0,0.0,0.0,0.0,0.0,0.0,0.0,0.0,0.0,0.0,0.0,0.0,0.0,0.0,0.0,-223.0,1450.0,-1157.0,118.0,-134.0,7.0,-60.0,44.0,-22.0,-3.0,7.0,-23.0,5.0,-1.0,-14.0,8.0,-1.0,4.0,-2.0,4.0,-10.0,5.0,2.0,1967.0,3.0,4.0,4.0,2.0
2020-10-27,,0.0,0.0,0.0,0.0,0.0,0.0,0.0,0.0,0.0,0.0,0.0,0.0,0.0,0.0,0.0,0.0,0.0,0.0,0.0,0.0,0.0,0.0,0.0,0.0,0.0,0.0,0.0,0.0,0.0,0.0,0.0,0.0,0.0,0.0,0.0,0.0,0.0,0.0,-1254.0,2460.0,-1194.0,70.0,-36.0,-38.0,-9.0,-6.0,6.0,6.0,-3.0,2.0,-8.0,19.0,-11.0,-4.0,4.0,-1.0,-8.0,8.0,-5.0,5.0,2103.0,4.0,8.0,4.0,1.0
2020-10-28,,0.0,0.0,0.0,0.0,0.0,0.0,0.0,0.0,0.0,0.0,0.0,0.0,0.0,0.0,0.0,0.0,0.0,0.0,0.0,0.0,0.0,0.0,0.0,0.0,0.0,0.0,0.0,0.0,0.0,0.0,0.0,0.0,0.0,0.0,0.0,0.0,0.0,0.0,0.0,-1340.0,2276.0,-840.0,-58.0,-49.0,39.0,2.0,-19.0,-2.0,-8.0,-3.0,6.0,-4.0,5.0,-3.0,-10.0,6.0,1.0,-2.0,6.0,-2.0,1888.0,1.0,10.0,5.0,0.0
2020-10-29,,0.0,0.0,0.0,0.0,0.0,0.0,0.0,0.0,0.0,0.0,0.0,0.0,0.0,0.0,0.0,0.0,0.0,0.0,0.0,0.0,0.0,0.0,0.0,0.0,0.0,0.0,0.0,0.0,0.0,0.0,0.0,0.0,0.0,0.0,0.0,0.0,0.0,0.0,0.0,0.0,-1147.0,2146.0,-895.0,-98.0,17.0,2.0,-31.0,18.0,-14.0,13.0,-12.0,-5.0,-3.0,10.0,10.0,-7.0,-2.0,3.0,-6.0,-4.0,1919.0,8.0,5.0,2.0,0.0
2020-10-30,,0.0,0.0,0.0,0.0,0.0,0.0,0.0,0.0,0.0,0.0,0.0,0.0,0.0,0.0,0.0,0.0,0.0,0.0,0.0,0.0,0.0,0.0,0.0,0.0,0.0,0.0,0.0,0.0,0.0,0.0,0.0,0.0,0.0,0.0,0.0,0.0,0.0,0.0,0.0,0.0,0.0,-1244.0,2463.0,-1205.0,57.0,-28.0,-20.0,8.0,-25.0,-11.0,11.0,-3.0,3.0,-7.0,-6.0,-3.0,4.0,8.0,-5.0,5.0,2060.0,7.0,9.0,1.0,0.0
2020-10-31,,0.0,0.0,0.0,0.0,0.0,0.0,0.0,0.0,0.0,0.0,0.0,0.0,0.0,0.0,0.0,0.0,0.0,0.0,0.0,0.0,0.0,0.0,0.0,0.0,0.0,0.0,0.0,0.0,0.0,0.0,0.0,0.0,0.0,0.0,0.0,0.0,0.0,0.0,0.0,0.0,0.0,0.0,-1230.0,1217.0,-78.0,20.0,31.0,-38.0,69.0,-5.0,5.0,-1.0,-3.0,7.0,1.0,6.0,-1.0,-9.0,10.0,-5.0,462.0,4.0,8.0,1.0,1.0
2020-11-01,,0.0,0.0,0.0,0.0,0.0,0.0,0.0,0.0,0.0,0.0,0.0,0.0,0.0,0.0,0.0,0.0,0.0,0.0,0.0,0.0,0.0,0.0,0.0,0.0,0.0,0.0,0.0,0.0,0.0,0.0,0.0,0.0,0.0,0.0,0.0,0.0,0.0,0.0,0.0,0.0,0.0,0.0,-71.0,111.0,-101.0,65.0,-1.0,16.0,-19.0,0.0,-5.0,8.0,3.0,-6.0,5.0,-8.0,4.0,-2.0,3.0,-2.0,404.0,2.0,5.0,0.0,0.0
2020-11-02,,0.0,0.0,0.0,0.0,0.0,0.0,0.0,0.0,0.0,0.0,0.0,0.0,0.0,0.0,0.0,0.0,0.0,0.0,0.0,0.0,0.0,0.0,0.0,0.0,0.0,0.0,0.0,0.0,0.0,0.0,0.0,0.0,0.0,0.0,0.0,0.0,0.0,0.0,0.0,0.0,0.0,0.0,-178.0,382.0,-158.0,-68.0,30.0,-9.0,0.0,5.0,-2.0,-1.0,-1.0,3.0,-6.0,7.0,-2.0,0.0,-5.0,2.0,474.0,2.0,6.0,0.0,0.0
2020-11-03,,0.0,0.0,0.0,0.0,0.0,0.0,0.0,0.0,0.0,0.0,0.0,0.0,0.0,0.0,0.0,0.0,0.0,0.0,0.0,0.0,0.0,0.0,0.0,0.0,0.0,0.0,0.0,0.0,0.0,0.0,0.0,0.0,0.0,0.0,0.0,0.0,0.0,0.0,0.0,0.0,0.0,0.0,0.0,-251.0,1395.0,-1028.0,72.0,-48.0,-116.0,3.0,16.0,-15.0,-5.0,-18.0,-4.0,0.0,-1.0,4.0,4.0,3.0,1970.0,4.0,7.0,3.0,3.0
2020-11-04,,0.0,0.0,0.0,0.0,0.0,0.0,0.0,0.0,0.0,0.0,0.0,0.0,0.0,0.0,0.0,0.0,0.0,0.0,0.0,0.0,0.0,0.0,0.0,0.0,0.0,0.0,0.0,0.0,0.0,0.0,0.0,0.0,0.0,0.0,0.0,0.0,0.0,0.0,0.0,0.0,0.0,0.0,0.0,0.0,-1206.0,2288.0,-1110.0,88.0,-74.0,41.0,-35.0,14.0,11.0,-20.0,11.0,1.0,-2.0,-8.0,-7.0,0.0,1931.0,13.0,4.0,4.0,2.0
2020-11-05,,0.0,0.0,0.0,0.0,0.0,0.0,0.0,0.0,0.0,0.0,0.0,0.0,0.0,0.0,0.0,0.0,0.0,0.0,0.0,0.0,0.0,0.0,0.0,0.0,0.0,0.0,0.0,0.0,0.0,0.0,0.0,0.0,0.0,0.0,0.0,0.0,0.0,0.0,0.0,0.0,0.0,0.0,0.0,0.0,0.0,-1234.0,2122.0,-900.0,26.0,28.0,-1.0,-32.0,-9.0,10.0,-7.0,-8.0,5.0,5.0,-3.0,-5.0,1687.0,9.0,4.0,2.0,1.0
2020-11-06,,0.0,0.0,0.0,0.0,0.0,0.0,0.0,0.0,0.0,0.0,0.0,0.0,0.0,0.0,0.0,0.0,0.0,0.0,0.0,0.0,0.0,0.0,0.0,0.0,0.0,0.0,0.0,0.0,0.0,0.0,0.0,0.0,0.0,0.0,0.0,0.0,0.0,0.0,0.0,0.0,0.0,0.0,0.0,0.0,0.0,0.0,-1073.0,2126.0,-1022.0,30.0,-64.0,12.0,1.0,-7.0,10.0,-7.0,6.0,-11.0,3.0,5.0,1817.0,18.0,7.0,4.0,1.0
2020-11-07,,0.0,0.0,0.0,0.0,0.0,0.0,0.0,0.0,0.0,0.0,0.0,0.0,0.0,0.0,0.0,0.0,0.0,0.0,0.0,0.0,0.0,0.0,0.0,0.0,0.0,0.0,0.0,0.0,0.0,0.0,0.0,0.0,0.0,0.0,0.0,0.0,0.0,0.0,0.0,0.0,0.0,0.0,0.0,0.0,0.0,0.0,0.0,-1025.0,987.0,-67.0,68.0,0.0,-7.0,33.0,-13.0,12.0,-8.0,16.0,-2.0,2.0,459.0,14.0,3.0,2.0,4.0
2020-11-08,,0.0,0.0,0.0,0.0,0.0,0.0,0.0,0.0,0.0,0.0,0.0,0.0,0.0,0.0,0.0,0.0,0.0,0.0,0.0,0.0,0.0,0.0,0.0,0.0,0.0,0.0,0.0,0.0,0.0,0.0,0.0,0.0,0.0,0.0,0.0,0.0,0.0,0.0,0.0,0.0,0.0,0.0,0.0,0.0,0.0,0.0,0.0,-138.0,197.0,-95.0,70.0,-42.0,7.0,0.0,1.0,2.0,-1.0,-9.0,7.0,-1.0,354.0,9.0,3.0,1.0,0.0
2020-11-09,,0.0,0.0,0.0,0.0,0.0,0.0,0.0,0.0,0.0,0.0,0.0,0.0,0.0,0.0,0.0,0.0,0.0,0.0,0.0,0.0,0.0,0.0,0.0,0.0,0.0,0.0,0.0,0.0,0.0,0.0,0.0,0.0,0.0,0.0,0.0,0.0,0.0,0.0,0.0,0.0,0.0,0.0,0.0,0.0,0.0,0.0,0.0,-106.0,654.0,-510.0,-50.0,28.0,-5.0,-6.0,4.0,1.0,0.0,9.0,-15.0,-1.0,909.0,6.0,2.0,0.0,0.0
2020-11-10,,0.0,0.0,0.0,0.0,0.0,0.0,0.0,0.0,0.0,0.0,0.0,0.0,0.0,0.0,0.0,0.0,0.0,0.0,0.0,0.0,0.0,0.0,0.0,0.0,0.0,0.0,0.0,0.0,0.0,0.0,0.0,0.0,0.0,0.0,0.0,0.0,0.0,0.0,0.0,0.0,0.0,0.0,0.0,0.0,0.0,0.0,0.0,0.0,-627.0,1635.0,-956.0,39.0,-29.0,-43.0,20.0,-33.0,-6.0,-2.0,9.0,-5.0,1569.0,16.0,9.0,1.0,1.0
2020-11-11,,0.0,0.0,0.0,0.0,0.0,0.0,0.0,0.0,0.0,0.0,0.0,0.0,0.0,0.0,0.0,0.0,0.0,0.0,0.0,0.0,0.0,0.0,0.0,0.0,0.0,0.0,0.0,0.0,0.0,0.0,0.0,0.0,0.0,0.0,0.0,0.0,0.0,0.0,0.0,0.0,0.0,0.0,0.0,0.0,0.0,0.0,0.0,0.0,0.0,-1072.0,1935.0,-818.0,7.0,-50.0,-6.0,11.0,12.0,6.0,-29.0,9.0,1512.0,10.0,5.0,1.0,0.0
2020-11-12,,0.0,0.0,0.0,0.0,0.0,0.0,0.0,0.0,0.0,0.0,0.0,0.0,0.0,0.0,0.0,0.0,0.0,0.0,0.0,0.0,0.0,0.0,0.0,0.0,0.0,0.0,0.0,0.0,0.0,0.0,0.0,0.0,0.0,0.0,0.0,0.0,0.0,0.0,0.0,0.0,0.0,0.0,0.0,0.0,0.0,0.0,0.0,0.0,0.0,0.0,-984.0,1736.0,-698.0,-16.0,-38.0,-2.0,-2.0,34.0,-22.0,-10.0,1406.0,8.0,5.0,2.0,2.0
2020-11-13,,0.0,0.0,0.0,0.0,0.0,0.0,0.0,0.0,0.0,0.0,0.0,0.0,0.0,0.0,0.0,0.0,0.0,0.0,0.0,0.0,0.0,0.0,0.0,0.0,0.0,0.0,0.0,0.0,0.0,0.0,0.0,0.0,0.0,0.0,0.0,0.0,0.0,0.0,0.0,0.0,0.0,0.0,0.0,0.0,0.0,0.0,0.0,0.0,0.0,0.0,0.0,-918.0,1775.0,-868.0,67.0,-40.0,-14.0,1.0,-5.0,-2.0,1394.0,18.0,7.0,5.0,1.0
2020-11-14,,0.0,0.0,0.0,0.0,0.0,0.0,0.0,0.0,0.0,0.0,0.0,0.0,0.0,0.0,0.0,0.0,0.0,0.0,0.0,0.0,0.0,0.0,0.0,0.0,0.0,0.0,0.0,0.0,0.0,0.0,0.0,0.0,0.0,0.0,0.0,0.0,0.0,0.0,0.0,0.0,0.0,0.0,0.0,0.0,0.0,0.0,0.0,0.0,0.0,0.0,0.0,0.0,-867.0,854.0,-77.0,62.0,7.0,-37.0,51.0,8.0,305.0,5.0,3.0,1.0,2.0
2020-11-15,,0.0,0.0,0.0,0.0,0.0,0.0,0.0,0.0,0.0,0.0,0.0,0.0,0.0,0.0,0.0,0.0,0.0,0.0,0.0,0.0,0.0,0.0,0.0,0.0,0.0,0.0,0.0,0.0,0.0,0.0,0.0,0.0,0.0,0.0,0.0,0.0,0.0,0.0,0.0,0.0,0.0,0.0,0.0,0.0,0.0,0.0,0.0,0.0,0.0,0.0,0.0,0.0,-38.0,12.0,47.0,-26.0,1.0,-8.0,8.0,0.0,241.0,1.0,3.0,2.0,1.0
2020-11-16,,0.0,0.0,0.0,0.0,0.0,0.0,0.0,0.0,0.0,0.0,0.0,0.0,0.0,0.0,0.0,0.0,0.0,0.0,0.0,0.0,0.0,0.0,0.0,0.0,0.0,0.0,0.0,0.0,0.0,0.0,0.0,0.0,0.0,0.0,0.0,0.0,0.0,0.0,0.0,0.0,0.0,0.0,0.0,0.0,0.0,0.0,0.0,0.0,0.0,0.0,0.0,0.0,-146.0,874.0,-680.0,35.0,-35.0,26.0,-51.0,-10.0,1092.0,13.0,5.0,3.0,1.0
2020-11-17,,0.0,0.0,0.0,0.0,0.0,0.0,0.0,0.0,0.0,0.0,0.0,0.0,0.0,0.0,0.0,0.0,0.0,0.0,0.0,0.0,0.0,0.0,0.0,0.0,0.0,0.0,0.0,0.0,0.0,0.0,0.0,0.0,0.0,0.0,0.0,0.0,0.0,0.0,0.0,0.0,0.0,0.0,0.0,0.0,0.0,0.0,0.0,0.0,0.0,0.0,0.0,0.0,0.0,-749.0,1484.0,-694.0,-9.0,-12.0,-10.0,-6.0,1196.0,21.0,21.0,1.0,5.0
2020-11-18,,0.0,0.0,0.0,0.0,0.0,0.0,0.0,0.0,0.0,0.0,0.0,0.0,0.0,0.0,0.0,0.0,0.0,0.0,0.0,0.0,0.0,0.0,0.0,0.0,0.0,0.0,0.0,0.0,0.0,0.0,0.0,0.0,0.0,0.0,0.0,0.0,0.0,0.0,0.0,0.0,0.0,0.0,0.0,0.0,0.0,0.0,0.0,0.0,0.0,0.0,0.0,0.0,0.0,0.0,-819.0,1483.0,-656.0,18.0,-30.0,6.0,1089.0,23.0,20.0,9.0,4.0
2020-11-19,,0.0,0.0,0.0,0.0,0.0,0.0,0.0,0.0,0.0,0.0,0.0,0.0,0.0,0.0,0.0,0.0,0.0,0.0,0.0,0.0,0.0,0.0,0.0,0.0,0.0,0.0,0.0,0.0,0.0,0.0,0.0,0.0,0.0,0.0,0.0,0.0,0.0,0.0,0.0,0.0,0.0,0.0,0.0,0.0,0.0,0.0,0.0,0.0,0.0,0.0,0.0,0.0,0.0,0.0,0.0,-797.0,1380.0,-588.0,20.0,11.0,895.0,18.0,10.0,6.0,2.0
2020-11-20,,0.0,0.0,0.0,0.0,0.0,0.0,0.0,0.0,0.0,0.0,0.0,0.0,0.0,0.0,0.0,0.0,0.0,0.0,0.0,0.0,0.0,0.0,0.0,0.0,0.0,0.0,0.0,0.0,0.0,0.0,0.0,0.0,0.0,0.0,0.0,0.0,0.0,0.0,0.0,0.0,0.0,0.0,0.0,0.0,0.0,0.0,0.0,0.0,0.0,0.0,0.0,0.0,0.0,0.0,0.0,0.0,-677.0,1372.0,-678.0,-3.0,978.0,33.0,27.0,8.0,2.0
2020-11-21,,0.0,0.0,0.0,0.0,0.0,0.0,0.0,0.0,0.0,0.0,0.0,0.0,0.0,0.0,0.0,0.0,0.0,0.0,0.0,0.0,0.0,0.0,0.0,0.0,0.0,0.0,0.0,0.0,0.0,0.0,0.0,0.0,0.0,0.0,0.0,0.0,0.0,0.0,0.0,0.0,0.0,0.0,0.0,0.0,0.0,0.0,0.0,0.0,0.0,0.0,0.0,0.0,0.0,0.0,0.0,0.0,0.0,-660.0,627.0,17.0,269.0,7.0,8.0,0.0,0.0
2020-11-22,,0.0,0.0,0.0,0.0,0.0,0.0,0.0,0.0,0.0,0.0,0.0,0.0,0.0,0.0,0.0,0.0,0.0,0.0,0.0,0.0,0.0,0.0,0.0,0.0,0.0,0.0,0.0,0.0,0.0,0.0,0.0,0.0,0.0,0.0,0.0,0.0,0.0,0.0,0.0,0.0,0.0,0.0,0.0,0.0,0.0,0.0,0.0,0.0,0.0,0.0,0.0,0.0,0.0,0.0,0.0,0.0,0.0,-77.0,71.0,-14.0,163.0,2.0,5.0,3.0,0.0
2020-11-23,,0.0,0.0,0.0,0.0,0.0,0.0,0.0,0.0,0.0,0.0,0.0,0.0,0.0,0.0,0.0,0.0,0.0,0.0,0.0,0.0,0.0,0.0,0.0,0.0,0.0,0.0,0.0,0.0,0.0,0.0,0.0,0.0,0.0,0.0,0.0,0.0,0.0,0.0,0.0,0.0,0.0,0.0,0.0,0.0,0.0,0.0,0.0,0.0,0.0,0.0,0.0,0.0,0.0,0.0,0.0,0.0,0.0,-81.0,659.0,-533.0,711.0,61.0,34.0,6.0,0.0
2020-11-24,,0.0,0.0,0.0,0.0,0.0,0.0,0.0,0.0,0.0,0.0,0.0,0.0,0.0,0.0,0.0,0.0,0.0,0.0,0.0,0.0,0.0,0.0,0.0,0.0,0.0,0.0,0.0,0.0,0.0,0.0,0.0,0.0,0.0,0.0,0.0,0.0,0.0,0.0,0.0,0.0,0.0,0.0,0.0,0.0,0.0,0.0,0.0,0.0,0.0,0.0,0.0,0.0,0.0,0.0,0.0,0.0,0.0,0.0,-603.0,1120.0,209.0,98.0,50.0,15.0,1.0
2020-11-25,,0.0,0.0,0.0,0.0,0.0,0.0,0.0,0.0,0.0,0.0,0.0,0.0,0.0,0.0,0.0,0.0,0.0,0.0,0.0,0.0,0.0,0.0,0.0,0.0,0.0,0.0,0.0,0.0,0.0,0.0,0.0,0.0,0.0,0.0,0.0,0.0,0.0,0.0,0.0,0.0,0.0,0.0,0.0,0.0,0.0,0.0,0.0,0.0,0.0,0.0,0.0,0.0,0.0,0.0,0.0,0.0,0.0,0.0,0.0,0.0,622.0,109.0,84.0,17.0,4.0
2020-11-26,,0.0,0.0,0.0,0.0,0.0,0.0,0.0,0.0,0.0,0.0,0.0,0.0,0.0,0.0,0.0,0.0,0.0,0.0,0.0,0.0,0.0,0.0,0.0,0.0,0.0,0.0,0.0,0.0,0.0,0.0,0.0,0.0,0.0,0.0,0.0,0.0,0.0,0.0,0.0,0.0,0.0,0.0,0.0,0.0,0.0,0.0,0.0,0.0,0.0,0.0,0.0,0.0,0.0,0.0,0.0,0.0,0.0,0.0,0.0,0.0,0.0,602.0,93.0,20.0,5.0
2020-11-27,,0.0,0.0,0.0,0.0,0.0,0.0,0.0,0.0,0.0,0.0,0.0,0.0,0.0,0.0,0.0,0.0,0.0,0.0,0.0,0.0,0.0,0.0,0.0,0.0,0.0,0.0,0.0,0.0,0.0,0.0,0.0,0.0,0.0,0.0,0.0,0.0,0.0,0.0,0.0,0.0,0.0,0.0,0.0,0.0,0.0,0.0,0.0,0.0,0.0,0.0,0.0,0.0,0.0,0.0,0.0,0.0,0.0,0.0,0.0,0.0,0.0,0.0,657.0,152.0,9.0
2020-11-28,,0.0,0.0,0.0,0.0,0.0,0.0,0.0,0.0,0.0,0.0,0.0,0.0,0.0,0.0,0.0,0.0,0.0,0.0,0.0,0.0,0.0,0.0,0.0,0.0,0.0,0.0,0.0,0.0,0.0,0.0,0.0,0.0,0.0,0.0,0.0,0.0,0.0,0.0,0.0,0.0,0.0,0.0,0.0,0.0,0.0,0.0,0.0,0.0,0.0,0.0,0.0,0.0,0.0,0.0,0.0,0.0,0.0,0.0,0.0,0.0,0.0,0.0,0.0,140.0,29.0
2020-11-29,,0.0,0.0,0.0,0.0,0.0,0.0,0.0,0.0,0.0,0.0,0.0,0.0,0.0,0.0,0.0,0.0,0.0,0.0,0.0,0.0,0.0,0.0,0.0,0.0,0.0,0.0,0.0,0.0,0.0,0.0,0.0,0.0,0.0,0.0,0.0,0.0,0.0,0.0,0.0,0.0,0.0,0.0,0.0,0.0,0.0,0.0,0.0,0.0,0.0,0.0,0.0,0.0,0.0,0.0,0.0,0.0,0.0,0.0,0.0,0.0,0.0,0.0,0.0,0.0,86.0
